location_id,timestamp,Available,Total,Offline
82625,2025-07-18 00:08:29,0,8,0
82625,2025-07-18 00:03:29,0,8,0
82625,2025-07-17 23:58:29,0,8,0
82625,2025-07-17 23:53:30,0,8,0
82625,2025-07-17 23:48:29,0,8,0
82625,2025-07-17 23:43:30,0,8,0
82625,2025-07-17 23:38:29,0,8,0
82625,2025-07-17 23:33:29,0,8,0
82625,2025-07-17 23:28:30,0,8,0
82625,2025-07-17 23:23:29,0,8,0
82625,2025-07-17 23:18:29,0,8,0
82625,2025-07-17 23:13:29,0,8,0
82625,2025-07-17 23:08:29,0,8,0
82625,2025-07-17 23:03:29,0,8,0
82625,2025-07-17 22:58:29,0,8,0
82625,2025-07-17 22:53:29,0,8,0
82625,2025-07-17 22:48:29,0,8,0
82625,2025-07-17 22:43:29,0,8,0
82625,2025-07-17 22:38:29,0,8,0
82625,2025-07-17 22:33:29,0,8,0
82625,2025-07-17 22:28:29,0,8,0
82625,2025-07-17 22:23:29,0,8,0
82625,2025-07-17 22:18:30,0,8,0
82625,2025-07-17 22:13:29,0,8,0
82625,2025-07-17 22:08:29,0,8,0
82625,2025-07-17 22:03:29,0,8,0
82625,2025-07-17 21:58:29,0,8,0
82625,2025-07-17 21:53:29,0,8,0
82625,2025-07-17 21:48:29,0,8,0
82625,2025-07-17 21:43:29,0,8,0
82625,2025-07-17 21:38:29,0,8,0
82625,2025-07-17 21:33:29,0,8,0
82625,2025-07-17 21:28:29,0,8,0
82625,2025-07-17 21:23:29,0,8,0
82625,2025-07-17 21:18:29,0,8,0
82625,2025-07-17 21:13:30,0,8,0
82625,2025-07-17 21:08:29,0,8,0
82625,2025-07-17 21:03:29,0,8,0
82625,2025-07-17 20:58:29,0,8,0
82625,2025-07-17 20:53:29,0,8,0
82625,2025-07-17 20:48:29,0,8,0
82625,2025-07-17 20:43:29,0,8,0
82625,2025-07-17 20:38:29,0,8,0
82625,2025-07-17 20:33:29,0,8,0
82625,2025-07-17 20:28:29,0,8,0
82625,2025-07-17 20:23:33,0,8,0
82625,2025-07-17 20:18:31,0,8,0
82625,2025-07-17 20:13:31,0,8,0
82625,2025-07-17 20:08:31,0,8,0
82625,2025-07-17 20:03:29,0,8,0
82625,2025-07-17 19:58:29,0,8,0
82625,2025-07-17 19:53:31,0,8,0
82625,2025-07-17 19:48:30,0,8,0
82625,2025-07-17 19:43:31,0,8,0
82625,2025-07-17 19:38:29,0,8,0
82625,2025-07-17 19:33:30,0,8,0
82625,2025-07-17 19:28:29,0,8,0
82625,2025-07-17 19:23:29,0,8,0
82625,2025-07-17 19:18:30,0,8,0
82625,2025-07-17 19:13:30,0,8,0
82625,2025-07-17 19:08:29,0,8,0
82625,2025-07-17 19:03:29,0,8,0
82625,2025-07-17 18:58:29,0,8,0
82625,2025-07-17 18:53:29,0,8,0
82625,2025-07-17 18:48:30,0,8,0
82625,2025-07-17 18:43:29,0,8,0
82625,2025-07-17 18:38:29,0,8,0
82625,2025-07-17 18:33:29,0,8,0
82625,2025-07-17 18:28:29,0,8,0
82625,2025-07-17 18:23:29,0,8,0
82625,2025-07-17 18:18:29,0,8,0
82625,2025-07-17 18:13:29,0,8,0
82625,2025-07-17 18:08:29,0,8,0
82625,2025-07-17 18:03:29,0,8,0
82625,2025-07-17 17:58:29,0,8,0
82625,2025-07-17 17:53:29,0,8,0
82625,2025-07-17 17:48:29,0,8,0
82625,2025-07-17 17:43:29,0,8,0
82625,2025-07-17 17:38:29,0,8,0
82625,2025-07-17 17:33:29,0,8,0
82625,2025-07-17 17:28:29,0,8,0
82625,2025-07-17 17:23:29,0,8,0
82625,2025-07-17 17:18:29,0,8,0
82625,2025-07-17 17:13:29,0,8,0
82625,2025-07-17 17:08:29,0,8,0
82625,2025-07-17 17:03:29,0,8,0
82625,2025-07-17 16:58:29,0,8,0
82625,2025-07-17 16:53:29,0,8,0
82625,2025-07-17 16:48:29,0,8,0
82625,2025-07-17 16:43:29,0,8,0
82625,2025-07-17 16:38:30,0,8,0
82625,2025-07-17 16:33:29,0,8,0
82625,2025-07-17 16:28:37,0,8,0
82625,2025-07-17 16:23:29,0,8,0
82625,2025-07-17 16:18:29,0,8,0
82625,2025-07-17 16:13:29,0,8,0
82625,2025-07-17 16:08:29,0,8,0
82625,2025-07-17 16:03:29,0,8,0
82625,2025-07-17 15:58:29,0,8,0
82625,2025-07-17 15:53:29,0,8,0
82625,2025-07-17 15:48:30,0,8,0
82625,2025-07-17 15:43:29,0,8,0
82625,2025-07-17 15:38:29,0,8,0
82625,2025-07-17 15:33:29,0,8,0
82625,2025-07-17 15:28:29,0,8,0
82625,2025-07-17 15:23:29,0,8,0
82625,2025-07-17 15:18:29,0,8,0
82625,2025-07-17 15:13:29,0,8,0
82625,2025-07-17 15:08:29,0,8,0
82625,2025-07-17 15:03:29,0,8,0
82625,2025-07-17 14:58:29,0,8,0
82625,2025-07-17 14:53:29,0,8,0
82625,2025-07-17 14:48:29,0,8,0
82625,2025-07-17 14:43:30,0,8,0
82625,2025-07-17 14:38:29,0,8,0
82625,2025-07-17 14:33:29,0,8,0
82625,2025-07-17 14:28:29,0,8,0
82625,2025-07-17 14:23:29,0,8,0
82625,2025-07-17 14:18:29,0,8,0
82625,2025-07-17 14:13:29,0,8,0
82625,2025-07-17 14:08:29,0,8,0
82625,2025-07-17 14:03:29,0,8,0
82625,2025-07-17 13:58:29,0,8,0
82625,2025-07-17 13:53:29,0,8,0
82625,2025-07-17 13:48:29,0,8,0
82625,2025-07-17 13:43:29,0,8,0
82625,2025-07-17 13:38:29,0,8,0
82625,2025-07-17 13:33:29,0,8,0
82625,2025-07-17 13:28:29,0,8,0
82625,2025-07-17 13:23:29,0,8,0
82625,2025-07-17 13:18:29,0,8,0
82625,2025-07-17 13:13:29,0,8,0
82625,2025-07-17 13:08:29,0,8,0
82625,2025-07-17 13:03:29,0,8,0
82625,2025-07-17 12:58:29,0,8,0
82625,2025-07-17 12:53:29,0,8,0
82625,2025-07-17 12:48:29,0,8,0
82625,2025-07-17 12:43:29,0,8,0
82625,2025-07-17 12:38:29,0,8,0
82625,2025-07-17 12:33:29,0,8,0
82625,2025-07-17 12:28:29,0,8,0
82625,2025-07-17 12:23:29,0,8,0
82625,2025-07-17 12:18:29,0,8,0
82625,2025-07-17 12:13:29,0,8,0
82625,2025-07-17 12:08:29,0,8,0
82625,2025-07-17 12:03:29,0,8,0
82625,2025-07-17 11:58:29,0,8,0
82625,2025-07-17 11:53:29,0,8,0
82625,2025-07-17 11:48:29,0,8,0
82625,2025-07-17 11:43:29,0,8,0
82625,2025-07-17 11:38:29,0,8,0
82625,2025-07-17 11:33:29,0,8,0
82625,2025-07-17 11:28:29,0,8,0
82625,2025-07-17 11:23:29,0,8,0
82625,2025-07-17 11:18:29,0,8,0
82625,2025-07-17 11:13:29,0,8,0
82625,2025-07-17 11:08:29,0,8,0
82625,2025-07-17 11:03:29,0,8,0
82625,2025-07-17 10:58:29,0,8,0
82625,2025-07-17 10:53:29,0,8,0
82625,2025-07-17 10:48:29,0,8,0
82625,2025-07-17 10:43:29,0,8,0
82625,2025-07-17 10:38:29,0,8,0
82625,2025-07-17 10:33:29,0,8,0
82625,2025-07-17 10:28:29,0,8,0
82625,2025-07-17 10:23:29,0,8,0
82625,2025-07-17 10:18:29,0,8,0
82625,2025-07-17 10:13:29,0,8,0
82625,2025-07-17 10:08:29,0,8,0
82625,2025-07-17 10:03:29,0,8,0
82625,2025-07-17 09:58:29,0,8,0
82625,2025-07-17 09:53:29,0,8,0
82625,2025-07-17 09:48:29,0,8,0
82625,2025-07-17 09:43:29,0,8,0
82625,2025-07-17 09:38:29,0,8,0
82625,2025-07-17 09:33:30,0,8,0
82625,2025-07-17 09:28:29,0,8,0
82625,2025-07-17 09:23:29,0,8,0
82625,2025-07-17 09:18:29,0,8,0
82625,2025-07-17 09:13:29,0,8,0
82625,2025-07-17 09:08:29,0,8,0
82625,2025-07-17 09:03:29,0,8,0
82625,2025-07-17 08:58:29,0,8,0
82625,2025-07-17 08:53:29,0,8,0
82625,2025-07-17 08:48:30,0,8,0
82625,2025-07-17 08:43:29,0,8,0
82625,2025-07-17 08:38:30,0,8,0
82625,2025-07-17 08:33:29,0,8,0
82625,2025-07-17 08:28:30,0,8,0
82625,2025-07-17 08:23:29,0,8,0
82625,2025-07-17 08:18:29,0,8,0
82625,2025-07-17 08:13:30,0,8,0
82625,2025-07-17 08:08:29,0,8,0
82625,2025-07-17 08:03:29,0,8,0
82625,2025-07-17 07:58:30,0,8,0
82625,2025-07-17 07:53:29,0,8,0
82625,2025-07-17 07:48:30,0,8,0
82625,2025-07-17 07:43:30,0,8,0
82625,2025-07-17 07:38:30,0,8,0
82625,2025-07-17 07:33:30,0,8,0
82625,2025-07-17 07:28:29,0,8,0
82625,2025-07-17 07:23:30,0,8,0
82625,2025-07-17 07:18:29,0,8,0
82625,2025-07-17 07:13:29,0,8,0
82625,2025-07-17 07:08:29,0,8,0
82625,2025-07-17 07:03:30,0,8,0
82625,2025-07-17 06:58:30,0,8,0
82625,2025-07-17 06:53:29,0,8,0
82625,2025-07-17 06:48:30,0,8,0
82625,2025-07-17 06:43:30,0,8,0
82625,2025-07-17 06:38:30,0,8,0
82625,2025-07-17 06:33:29,0,8,0
82625,2025-07-17 06:28:29,0,8,0
82625,2025-07-17 06:23:29,0,8,0
82625,2025-07-17 06:18:30,0,8,0
82625,2025-07-17 06:13:30,0,8,0
82625,2025-07-17 06:08:30,0,8,0
82625,2025-07-17 06:03:30,0,8,0
82625,2025-07-17 05:58:29,0,8,0
82625,2025-07-17 05:53:29,0,8,0
82625,2025-07-17 05:48:29,0,8,0
82625,2025-07-17 05:43:29,0,8,0
82625,2025-07-17 05:38:29,0,8,0
82625,2025-07-17 05:33:29,0,8,0
82625,2025-07-17 05:28:29,0,8,0
82625,2025-07-17 05:23:29,0,8,0
82625,2025-07-17 05:18:29,0,8,0
82625,2025-07-17 05:13:29,0,8,0
82625,2025-07-17 05:08:29,0,8,0
82625,2025-07-17 05:03:29,0,8,0
82625,2025-07-17 04:58:29,0,8,0
82625,2025-07-17 04:53:29,0,8,0
82625,2025-07-17 04:48:29,0,8,0
82625,2025-07-17 04:43:29,0,8,0
82625,2025-07-17 04:38:29,0,8,0
82625,2025-07-17 04:33:29,0,8,0
82625,2025-07-17 04:28:29,0,8,0
82625,2025-07-17 04:23:29,0,8,0
82625,2025-07-17 04:18:29,0,8,0
82625,2025-07-17 04:13:29,0,8,0
82625,2025-07-17 04:08:29,0,8,0
82625,2025-07-17 04:03:30,0,8,0
82625,2025-07-17 03:58:31,0,8,0
82625,2025-07-17 03:53:29,0,8,0
82625,2025-07-17 03:48:29,0,8,0
82625,2025-07-17 03:43:29,0,8,0
82625,2025-07-17 03:38:29,0,8,0
82625,2025-07-17 03:33:29,0,8,0
82625,2025-07-17 03:28:30,0,8,0
82625,2025-07-17 03:23:29,0,8,0
82625,2025-07-17 03:18:29,0,8,0
82625,2025-07-17 03:13:29,0,8,0
82625,2025-07-17 03:08:29,0,8,0
82625,2025-07-17 03:03:29,0,8,0
82625,2025-07-17 02:58:29,0,8,0
82625,2025-07-17 02:53:29,0,8,0
82625,2025-07-17 02:48:38,0,8,0
82625,2025-07-17 02:43:29,0,8,0
82625,2025-07-17 02:38:29,0,8,0
82625,2025-07-17 02:33:29,0,8,0
82625,2025-07-17 02:28:29,0,8,0
82625,2025-07-17 02:23:29,0,8,0
82625,2025-07-17 02:18:29,0,8,0
82625,2025-07-17 02:13:29,0,8,0
82625,2025-07-17 02:08:29,0,8,0
82625,2025-07-17 02:03:29,0,8,0
82625,2025-07-17 01:58:30,0,8,0
82625,2025-07-17 01:53:29,0,8,0
82625,2025-07-17 01:48:29,0,8,0
82625,2025-07-17 01:43:29,0,8,0
82625,2025-07-17 01:38:29,0,8,0
82625,2025-07-17 01:33:30,0,8,0
82625,2025-07-17 01:28:29,0,8,0
82625,2025-07-17 01:23:29,0,8,0
82625,2025-07-17 01:18:29,0,8,0
82625,2025-07-17 01:13:29,0,8,0
82625,2025-07-17 01:08:29,0,8,0
82625,2025-07-17 01:03:29,0,8,0
82625,2025-07-17 00:58:29,0,8,0
82625,2025-07-17 00:53:29,0,8,0
82625,2025-07-17 00:48:29,0,8,0
82625,2025-07-17 00:43:29,0,8,0
82625,2025-07-17 00:38:29,0,8,0
82625,2025-07-17 00:33:29,0,8,0
82625,2025-07-17 00:28:44,0,8,0
82625,2025-07-17 00:23:29,0,8,0
82625,2025-07-17 00:18:29,0,8,0
82625,2025-07-17 00:13:29,0,8,0
82625,2025-07-17 00:08:29,0,8,0
82625,2025-07-17 00:03:29,0,8,0
82625,2025-07-16 23:58:29,0,8,0
82625,2025-07-16 23:53:29,0,8,0
82625,2025-07-16 23:48:29,0,8,0
82625,2025-07-16 23:43:29,0,8,0
82625,2025-07-16 23:38:29,0,8,0
82625,2025-07-16 23:33:29,0,8,0
82625,2025-07-16 23:28:29,0,8,0
82625,2025-07-16 23:23:29,0,8,0
82625,2025-07-16 23:18:29,0,8,0
82625,2025-07-16 23:13:29,0,8,0
82625,2025-07-16 23:08:29,0,8,0
82625,2025-07-16 23:03:30,0,8,0
82625,2025-07-16 22:58:29,0,8,0
82625,2025-07-16 22:53:29,0,8,0
82625,2025-07-16 22:48:29,0,8,0
82625,2025-07-16 22:43:29,0,8,0
82625,2025-07-16 22:38:29,0,8,0
82625,2025-07-16 22:33:29,0,8,0
82625,2025-07-16 22:28:29,0,8,0
82625,2025-07-16 22:23:29,0,8,0
82625,2025-07-16 22:18:29,0,8,0
82625,2025-07-16 22:13:29,0,8,0
82625,2025-07-16 22:08:29,0,8,0
82625,2025-07-16 22:03:29,0,8,0
82625,2025-07-16 21:58:29,0,8,0
82625,2025-07-16 21:53:29,0,8,0
82625,2025-07-16 21:48:29,0,8,0
82625,2025-07-16 21:43:29,0,8,0
82625,2025-07-16 21:38:29,0,8,0
82625,2025-07-16 21:33:29,0,8,0
82625,2025-07-16 21:28:29,0,8,0
82625,2025-07-16 21:23:29,0,8,0
82625,2025-07-16 21:18:29,0,8,0
82625,2025-07-16 21:13:29,0,8,0
82625,2025-07-16 21:08:29,0,8,0
82625,2025-07-16 21:03:29,0,8,0
82625,2025-07-16 20:58:29,0,8,0
82625,2025-07-16 20:53:30,0,8,0
82625,2025-07-16 20:48:29,0,8,0
82625,2025-07-16 20:43:29,0,8,0
82625,2025-07-16 20:38:30,0,8,0
82625,2025-07-16 20:33:29,0,8,0
82625,2025-07-16 20:28:29,0,8,0
82625,2025-07-16 20:23:29,0,8,0
82625,2025-07-16 20:18:29,0,8,0
82625,2025-07-16 20:13:29,0,8,0
82625,2025-07-16 20:08:29,0,8,0
82625,2025-07-16 20:03:29,0,8,0
82625,2025-07-16 19:58:29,0,8,0
82625,2025-07-16 19:53:29,0,8,0
82625,2025-07-16 19:48:29,0,8,0
82625,2025-07-16 19:43:30,0,8,0
82625,2025-07-16 19:38:29,0,8,0
82625,2025-07-16 19:33:29,0,8,0
82625,2025-07-16 19:28:29,0,8,0
82625,2025-07-16 19:23:29,0,8,0
82625,2025-07-16 19:18:29,0,8,0
82625,2025-07-16 19:13:29,0,8,0
82625,2025-07-16 19:08:29,0,8,0
82625,2025-07-16 19:03:29,0,8,0
82625,2025-07-16 18:58:29,0,8,0
82625,2025-07-16 18:53:29,0,8,0
82625,2025-07-16 18:48:29,0,8,0
82625,2025-07-16 18:43:29,0,8,0
82625,2025-07-16 18:38:29,0,8,0
82625,2025-07-16 18:33:29,0,8,0
82625,2025-07-16 18:28:29,0,8,0
82625,2025-07-16 18:23:29,0,8,0
82625,2025-07-16 18:18:29,0,8,0
82625,2025-07-16 18:13:29,0,8,0
82625,2025-07-16 18:08:29,0,8,0
82625,2025-07-16 18:03:29,0,8,0
82625,2025-07-16 17:58:29,0,8,0
82625,2025-07-16 17:53:29,0,8,0
82625,2025-07-16 17:48:29,0,8,0
82625,2025-07-16 17:43:29,0,8,0
82625,2025-07-16 17:38:29,0,8,0
82625,2025-07-16 17:33:29,0,8,0
82625,2025-07-16 17:28:29,0,8,0
82625,2025-07-16 17:23:29,0,8,0
82625,2025-07-16 17:18:29,0,8,0
82625,2025-07-16 17:13:29,0,8,0
82625,2025-07-16 17:08:29,0,8,0
82625,2025-07-16 17:03:29,0,8,0
82625,2025-07-16 16:58:30,0,8,0
82625,2025-07-16 16:53:29,0,8,0
82625,2025-07-16 16:48:29,0,8,0
82625,2025-07-16 16:43:29,0,8,0
82625,2025-07-16 16:38:29,0,8,0
82625,2025-07-16 16:33:29,0,8,0
82625,2025-07-16 16:28:29,0,8,0
82625,2025-07-16 16:23:29,0,8,0
82625,2025-07-16 16:18:29,0,8,0
82625,2025-07-16 16:13:29,0,8,0
82625,2025-07-16 16:08:30,0,8,0
82625,2025-07-16 16:03:29,0,8,0
82625,2025-07-16 15:58:29,0,8,0
82625,2025-07-16 15:53:29,0,8,0
82625,2025-07-16 15:48:29,0,8,0
82625,2025-07-16 15:43:29,0,8,0
82625,2025-07-16 15:38:29,0,8,0
82625,2025-07-16 15:33:29,0,8,0
82625,2025-07-16 15:28:29,0,8,0
82625,2025-07-16 15:23:29,0,8,0
82625,2025-07-16 15:18:29,0,8,0
82625,2025-07-16 15:13:29,0,8,0
82625,2025-07-16 15:08:29,0,8,0
82625,2025-07-16 15:03:29,0,8,0
82625,2025-07-16 14:58:29,0,8,0
82625,2025-07-16 14:53:29,0,8,0
82625,2025-07-16 14:48:29,0,8,0
82625,2025-07-16 14:43:31,0,8,0
82625,2025-07-16 14:38:29,0,8,0
82625,2025-07-16 14:33:29,0,8,0
82625,2025-07-16 14:28:29,0,8,0
82625,2025-07-16 14:23:29,0,8,0
82625,2025-07-16 14:18:29,0,8,0
82625,2025-07-16 14:13:29,0,8,0
82625,2025-07-16 14:08:29,0,8,0
82625,2025-07-16 14:03:29,0,8,0
82625,2025-07-16 13:58:30,0,8,0
82625,2025-07-16 13:53:29,0,8,0
82625,2025-07-16 13:48:29,0,8,0
82625,2025-07-16 13:43:29,0,8,0
82625,2025-07-16 13:38:29,0,8,0
82625,2025-07-16 13:33:29,0,8,0
82625,2025-07-16 13:28:29,0,8,0
82625,2025-07-16 13:23:29,0,8,0
82625,2025-07-16 13:18:29,0,8,0
82625,2025-07-16 13:13:29,0,8,0
82625,2025-07-16 13:08:29,0,8,0
82625,2025-07-16 13:03:29,0,8,0
82625,2025-07-16 12:58:29,0,8,0
82625,2025-07-16 12:53:29,0,8,0
82625,2025-07-16 12:48:29,0,8,0
82625,2025-07-16 12:43:29,0,8,0
82625,2025-07-16 12:38:29,0,8,0
82625,2025-07-16 12:33:29,0,8,0
82625,2025-07-16 12:28:29,0,8,0
82625,2025-07-16 12:23:29,0,8,0
82625,2025-07-16 12:18:29,0,8,0
82625,2025-07-16 12:13:29,0,8,0
82625,2025-07-16 12:08:29,0,8,0
82625,2025-07-16 12:03:29,0,8,0
82625,2025-07-16 11:58:29,0,8,0
82625,2025-07-16 11:53:29,0,8,0
82625,2025-07-16 11:48:29,0,8,0
82625,2025-07-16 11:43:29,0,8,0
82625,2025-07-16 11:38:29,0,8,0
82625,2025-07-16 11:33:29,0,8,0
82625,2025-07-16 11:28:29,0,8,0
82625,2025-07-16 11:23:29,0,8,0
82625,2025-07-16 11:18:29,0,8,0
82625,2025-07-16 11:13:29,0,8,0
82625,2025-07-16 11:08:29,0,8,0
82625,2025-07-16 11:03:29,0,8,0
82625,2025-07-16 10:58:29,0,8,0
82625,2025-07-16 10:53:29,0,8,0
82625,2025-07-16 10:48:29,0,8,0
82625,2025-07-16 10:43:29,0,8,0
82625,2025-07-16 10:38:29,0,8,0
82625,2025-07-16 10:33:29,0,8,0
82625,2025-07-16 10:28:29,0,8,0
82625,2025-07-16 10:23:29,0,8,0
82625,2025-07-16 10:18:29,0,8,0
82625,2025-07-16 10:13:29,0,8,0
82625,2025-07-16 10:08:29,0,8,0
82625,2025-07-16 10:03:29,0,8,0
82625,2025-07-16 09:58:29,0,8,0
82625,2025-07-16 09:53:29,0,8,0
82625,2025-07-16 09:48:29,0,8,0
82625,2025-07-16 09:43:29,0,8,0
82625,2025-07-16 09:38:29,0,8,0
82625,2025-07-16 09:33:29,0,8,0
82625,2025-07-16 09:28:29,0,8,0
82625,2025-07-16 09:23:29,0,8,0
82625,2025-07-16 09:18:29,0,8,0
82625,2025-07-16 09:13:29,0,8,0
82625,2025-07-16 09:08:29,0,8,0
82625,2025-07-16 09:03:29,0,8,0
82625,2025-07-16 08:58:29,0,8,0
82625,2025-07-16 08:53:29,0,8,0
82625,2025-07-16 08:48:29,0,8,0
82625,2025-07-16 08:43:29,0,8,0
82625,2025-07-16 08:38:30,0,8,0
82625,2025-07-16 08:33:29,0,8,0
82625,2025-07-16 08:28:29,0,8,0
82625,2025-07-16 08:23:29,0,8,0
82625,2025-07-16 08:18:30,0,8,0
82625,2025-07-16 08:13:29,0,8,0
82625,2025-07-16 08:08:30,0,8,0
82625,2025-07-16 08:03:29,0,8,0
82625,2025-07-16 07:58:30,0,8,0
82625,2025-07-16 07:53:29,0,8,0
82625,2025-07-16 07:48:29,0,8,0
82625,2025-07-16 07:43:29,0,8,0
82625,2025-07-16 07:38:30,0,8,0
82625,2025-07-16 07:33:30,0,8,0
82625,2025-07-16 07:28:29,0,8,0
82625,2025-07-16 07:23:30,0,8,0
82625,2025-07-16 07:18:30,0,8,0
82625,2025-07-16 07:13:30,0,8,0
82625,2025-07-16 07:08:30,0,8,0
82625,2025-07-16 07:03:30,0,8,0
82625,2025-07-16 06:58:30,0,8,0
82625,2025-07-16 06:53:29,0,8,0
82625,2025-07-16 06:48:29,0,8,0
82625,2025-07-16 06:43:30,0,8,0
82625,2025-07-16 06:38:29,0,8,0
82625,2025-07-16 06:33:30,0,8,0
82625,2025-07-16 06:28:29,0,8,0
82625,2025-07-16 06:23:30,0,8,0
82625,2025-07-16 06:18:29,0,8,0
82625,2025-07-16 06:13:30,0,8,0
82625,2025-07-16 06:08:30,0,8,0
82625,2025-07-16 06:03:30,0,8,0
82625,2025-07-16 05:58:29,0,8,0
82625,2025-07-16 05:53:29,0,8,0
82625,2025-07-16 05:48:29,0,8,0
82625,2025-07-16 05:43:29,0,8,0
82625,2025-07-16 05:38:29,0,8,0
82625,2025-07-16 05:33:29,0,8,0
82625,2025-07-16 05:28:29,0,8,0
82625,2025-07-16 05:23:29,0,8,0
82625,2025-07-16 05:18:29,0,8,0
82625,2025-07-16 05:13:29,0,8,0
82625,2025-07-16 05:08:29,0,8,0
82625,2025-07-16 05:03:29,0,8,0
82625,2025-07-16 04:58:29,0,8,0
82625,2025-07-16 04:53:29,0,8,0
82625,2025-07-16 04:48:29,0,8,0
82625,2025-07-16 04:43:29,0,8,0
82625,2025-07-16 04:38:29,0,8,0
82625,2025-07-16 04:33:29,0,8,0
82625,2025-07-16 04:28:29,0,8,0
82625,2025-07-16 04:23:29,0,8,0
82625,2025-07-16 04:18:29,0,8,0
82625,2025-07-16 04:13:29,0,8,0
82625,2025-07-16 04:08:29,0,8,0
82625,2025-07-16 04:03:29,0,8,0
82625,2025-07-16 03:58:29,0,8,0
82625,2025-07-16 03:53:29,0,8,0
82625,2025-07-16 03:48:29,0,8,0
82625,2025-07-16 03:43:29,0,8,0
82625,2025-07-16 03:38:29,0,8,0
82625,2025-07-16 03:33:29,0,8,0
82625,2025-07-16 03:28:29,0,8,0
82625,2025-07-16 03:23:29,0,8,0
82625,2025-07-16 03:18:29,0,8,0
82625,2025-07-16 03:13:29,0,8,0
82625,2025-07-16 03:08:30,0,8,0
82625,2025-07-16 03:03:29,0,8,0
82625,2025-07-16 02:58:29,0,8,0
82625,2025-07-16 02:53:29,0,8,0
82625,2025-07-16 02:48:29,0,8,0
82625,2025-07-16 02:43:29,0,8,0
82625,2025-07-16 02:38:29,0,8,0
82625,2025-07-16 02:33:29,0,8,0
82625,2025-07-16 02:28:29,0,8,0
82625,2025-07-16 02:23:29,0,8,0
82625,2025-07-16 02:18:29,0,8,0
82625,2025-07-16 02:13:29,0,8,0
82625,2025-07-16 02:08:29,0,8,0
82625,2025-07-16 02:03:29,0,8,0
82625,2025-07-16 01:58:29,0,8,0
82625,2025-07-16 01:53:29,0,8,0
82625,2025-07-16 01:48:29,0,8,0
82625,2025-07-16 01:43:33,0,8,0
82625,2025-07-16 01:38:29,0,8,0
82625,2025-07-16 01:33:29,0,8,0
82625,2025-07-16 01:28:29,0,8,0
82625,2025-07-16 01:23:29,0,8,0
82625,2025-07-16 01:18:29,0,8,0
82625,2025-07-16 01:13:29,0,8,0
82625,2025-07-16 01:08:31,0,8,0
82625,2025-07-16 01:03:29,0,8,0
82625,2025-07-16 00:58:29,0,8,0
82625,2025-07-16 00:53:29,0,8,0
82625,2025-07-16 00:48:29,0,8,0
82625,2025-07-16 00:43:29,0,8,0
82625,2025-07-16 00:38:29,0,8,0
82625,2025-07-16 00:33:29,0,8,0
82625,2025-07-16 00:28:29,0,8,0
82625,2025-07-16 00:23:29,0,8,0
82625,2025-07-16 00:18:29,0,8,0
82625,2025-07-16 00:13:29,0,8,0
82625,2025-07-16 00:08:29,0,8,0
82625,2025-07-16 00:07:41,0,8,0
82625,2025-07-15 23:58:29,0,8,0
82625,2025-07-15 23:53:29,0,8,0
82625,2025-07-15 23:48:29,0,8,0
82625,2025-07-15 23:43:29,0,8,0
82625,2025-07-15 23:38:29,0,8,0
82625,2025-07-15 23:33:29,0,8,0
82625,2025-07-15 23:28:29,0,8,0
82625,2025-07-15 23:23:29,0,8,0
82625,2025-07-15 23:18:29,0,8,0
82625,2025-07-15 23:13:29,0,8,0
82625,2025-07-15 23:08:29,0,8,0
82625,2025-07-15 23:03:29,0,8,0
82625,2025-07-15 22:58:29,0,8,0
82625,2025-07-15 22:53:29,0,8,0
82625,2025-07-15 22:48:29,0,8,0
82625,2025-07-15 22:43:29,0,8,0
82625,2025-07-15 22:38:29,0,8,0
82625,2025-07-15 22:33:30,0,8,0
82625,2025-07-15 22:28:29,0,8,0
82625,2025-07-15 22:23:29,0,8,0
82625,2025-07-15 22:18:35,0,8,0
82625,2025-07-15 22:13:29,0,8,0
82625,2025-07-15 22:08:29,0,8,0
82625,2025-07-15 22:03:29,0,8,0
82625,2025-07-15 21:58:29,0,8,0
82625,2025-07-15 21:53:29,0,8,0
82625,2025-07-15 21:48:30,0,8,0
82625,2025-07-15 21:43:29,0,8,0
82625,2025-07-15 21:38:29,0,8,0
82625,2025-07-15 21:33:29,0,8,0
82625,2025-07-15 21:28:31,0,8,0
82625,2025-07-15 21:23:32,0,8,0
82625,2025-07-15 21:18:29,0,8,0
82625,2025-07-15 21:13:32,0,8,0
82625,2025-07-15 21:08:29,0,8,0
82625,2025-07-15 21:03:29,0,8,0
82625,2025-07-15 20:58:29,0,8,0
82625,2025-07-15 20:53:29,0,8,0
82625,2025-07-15 20:48:31,0,8,0
82625,2025-07-15 20:43:29,0,8,0
82625,2025-07-15 20:38:29,0,8,0
82625,2025-07-15 20:33:29,0,8,0
82625,2025-07-15 20:28:29,0,8,0
82625,2025-07-15 20:23:29,0,8,0
82625,2025-07-15 20:18:32,0,8,0
82625,2025-07-15 20:13:29,0,8,0
82625,2025-07-15 20:08:29,0,8,0
82625,2025-07-15 20:03:31,0,8,0
82625,2025-07-15 19:58:32,0,8,0
82625,2025-07-15 19:53:31,0,8,0
82625,2025-07-15 19:48:32,0,8,0
82625,2025-07-15 19:43:30,0,8,0
82625,2025-07-15 19:38:31,0,8,0
82625,2025-07-15 19:33:31,0,8,0
82625,2025-07-15 19:28:30,0,8,0
82625,2025-07-15 19:23:29,0,8,0
82625,2025-07-15 19:18:29,0,8,0
82625,2025-07-15 19:13:30,0,8,0
82625,2025-07-15 19:08:29,0,8,0
82625,2025-07-15 19:03:29,0,8,0
82625,2025-07-15 18:58:29,0,8,0
82625,2025-07-15 18:53:29,0,8,0
82625,2025-07-15 18:48:29,0,8,0
82625,2025-07-15 18:43:29,0,8,0
82625,2025-07-15 18:38:29,0,8,0
82625,2025-07-15 18:33:29,0,8,0
82625,2025-07-15 18:28:29,0,8,0
82625,2025-07-15 18:23:29,0,8,0
82625,2025-07-15 18:18:29,0,8,0
82625,2025-07-15 18:13:29,0,8,0
82625,2025-07-15 18:08:29,0,8,0
82625,2025-07-15 18:03:29,0,8,0
82625,2025-07-15 17:58:29,0,8,0
82625,2025-07-15 17:53:29,0,8,0
82625,2025-07-15 17:48:30,0,8,0
82625,2025-07-15 17:43:29,0,8,0
82625,2025-07-15 17:38:29,0,8,0
82625,2025-07-15 17:33:29,0,8,0
82625,2025-07-15 17:28:29,0,8,0
82625,2025-07-15 17:23:29,0,8,0
82625,2025-07-15 17:18:29,0,8,0
82625,2025-07-15 17:13:29,0,8,0
82625,2025-07-15 17:08:29,0,8,0
82625,2025-07-15 17:03:29,0,8,0
82625,2025-07-15 16:58:29,0,8,0
82625,2025-07-15 16:53:29,0,8,0
82625,2025-07-15 16:48:29,0,8,0
82625,2025-07-15 16:43:29,0,8,0
82625,2025-07-15 16:38:29,0,8,0
82625,2025-07-15 16:33:29,0,8,0
82625,2025-07-15 16:28:29,0,8,0
82625,2025-07-15 16:23:30,0,8,0
82625,2025-07-15 16:18:29,0,8,0
82625,2025-07-15 16:13:29,0,8,0
82625,2025-07-15 16:08:29,0,8,0
82625,2025-07-15 16:03:29,0,8,0
82625,2025-07-15 15:58:29,0,8,0
82625,2025-07-15 15:53:29,0,8,0
82625,2025-07-15 15:48:29,0,8,0
82625,2025-07-15 15:43:29,0,8,0
82625,2025-07-15 15:38:29,0,8,0
82625,2025-07-15 15:33:29,0,8,0
82625,2025-07-15 15:28:29,0,8,0
82625,2025-07-15 15:23:29,0,8,0
82625,2025-07-15 15:18:29,0,8,0
82625,2025-07-15 15:13:29,0,8,0
82625,2025-07-15 15:08:30,0,8,0
82625,2025-07-15 15:03:43,0,8,0
82625,2025-07-15 14:58:29,0,8,0
82625,2025-07-15 14:53:30,0,8,0
82625,2025-07-15 14:48:29,0,8,0
82625,2025-07-15 14:43:29,0,8,0
82625,2025-07-15 14:38:29,0,8,0
82625,2025-07-15 14:33:29,0,8,0
82625,2025-07-15 14:28:29,0,8,0
82625,2025-07-15 14:23:29,0,8,0
82625,2025-07-15 14:18:29,0,8,0
82625,2025-07-15 14:13:29,0,8,0
82625,2025-07-15 14:08:29,0,8,0
82625,2025-07-15 14:03:29,0,8,0
82625,2025-07-15 13:58:44,0,8,0
82625,2025-07-15 13:53:29,0,8,0
82625,2025-07-15 13:48:29,0,8,0
82625,2025-07-15 13:43:29,0,8,0
82625,2025-07-15 13:38:29,0,8,0
82625,2025-07-15 13:33:29,0,8,0
82625,2025-07-15 13:28:29,0,8,0
82625,2025-07-15 13:23:29,0,8,0
82625,2025-07-15 13:18:29,0,8,0
82625,2025-07-15 13:13:29,0,8,0
82625,2025-07-15 13:08:29,0,8,0
82625,2025-07-15 13:03:29,0,8,0
82625,2025-07-15 12:58:29,0,8,0
82625,2025-07-15 12:53:29,0,8,0
82625,2025-07-15 12:48:29,0,8,0
82625,2025-07-15 12:43:29,0,8,0
82625,2025-07-15 12:38:29,0,8,0
82625,2025-07-15 12:33:29,0,8,0
82625,2025-07-15 12:28:29,0,8,0
82625,2025-07-15 12:23:30,0,8,0
82625,2025-07-15 12:18:29,0,8,0
82625,2025-07-15 12:13:29,0,8,0
82625,2025-07-15 12:08:29,0,8,0
82625,2025-07-15 12:03:29,0,8,0
82625,2025-07-15 11:58:29,0,8,0
82625,2025-07-15 11:53:29,0,8,0
82625,2025-07-15 11:48:29,0,8,0
82625,2025-07-15 11:43:29,0,8,0
82625,2025-07-15 11:38:29,0,8,0
82625,2025-07-15 11:33:29,0,8,0
82625,2025-07-15 11:28:29,0,8,0
82625,2025-07-15 11:23:29,0,8,0
82625,2025-07-15 11:18:29,0,8,0
82625,2025-07-15 11:13:29,0,8,0
82625,2025-07-15 11:08:29,0,8,0
82625,2025-07-15 11:03:29,0,8,0
82625,2025-07-15 10:58:29,0,8,0
82625,2025-07-15 10:53:29,0,8,0
82625,2025-07-15 10:48:29,0,8,0
82625,2025-07-15 10:43:29,0,8,0
82625,2025-07-15 10:38:29,0,8,0
82625,2025-07-15 10:33:29,0,8,0
82625,2025-07-15 10:28:29,0,8,0
82625,2025-07-15 10:23:29,0,8,0
82625,2025-07-15 10:18:29,0,8,0
82625,2025-07-15 10:13:29,0,8,0
82625,2025-07-15 10:08:29,0,8,0
82625,2025-07-15 10:03:29,0,8,0
82625,2025-07-15 09:58:29,0,8,0
82625,2025-07-15 09:53:29,0,8,0
82625,2025-07-15 09:48:29,0,8,0
82625,2025-07-15 09:43:29,0,8,0
82625,2025-07-15 09:38:29,0,8,0
82625,2025-07-15 09:33:29,0,8,0
82625,2025-07-15 09:28:29,0,8,0
82625,2025-07-15 09:23:29,0,8,0
82625,2025-07-15 09:18:29,0,8,0
82625,2025-07-15 09:13:29,0,8,0
82625,2025-07-15 09:08:29,0,8,0
82625,2025-07-15 09:03:29,0,8,0
82625,2025-07-15 08:58:29,0,8,0
82625,2025-07-15 08:53:29,0,8,0
82625,2025-07-15 08:48:29,0,8,0
82625,2025-07-15 08:43:29,0,8,0
82625,2025-07-15 08:38:29,0,8,0
82625,2025-07-15 08:33:29,0,8,0
82625,2025-07-15 08:28:29,0,8,0
82625,2025-07-15 08:23:29,0,8,0
82625,2025-07-15 08:18:29,0,8,0
82625,2025-07-15 08:13:30,0,8,0
82625,2025-07-15 08:08:30,0,8,0
82625,2025-07-15 08:03:29,0,8,0
82625,2025-07-15 07:58:29,0,8,0
82625,2025-07-15 07:53:29,0,8,0
82625,2025-07-15 07:48:29,0,8,0
82625,2025-07-15 07:43:29,0,8,0
82625,2025-07-15 07:38:29,0,8,0
82625,2025-07-15 07:33:29,0,8,0
82625,2025-07-15 07:28:29,0,8,0
82625,2025-07-15 07:23:29,0,8,0
82625,2025-07-15 07:18:29,0,8,0
82625,2025-07-15 07:13:29,0,8,0
82625,2025-07-15 07:08:29,0,8,0
82625,2025-07-15 07:03:29,0,8,0
82625,2025-07-15 06:58:29,0,8,0
82625,2025-07-15 06:53:29,0,8,0
82625,2025-07-15 06:48:29,0,8,0
82625,2025-07-15 06:43:29,0,8,0
82625,2025-07-15 06:38:29,0,8,0
82625,2025-07-15 06:33:29,0,8,0
82625,2025-07-15 06:28:29,0,8,0
82625,2025-07-15 06:23:29,0,8,0
82625,2025-07-15 06:18:29,0,8,0
82625,2025-07-15 06:13:29,0,8,0
82625,2025-07-15 06:08:29,0,8,0
82625,2025-07-15 06:03:29,0,8,0
82625,2025-07-15 05:58:29,0,8,0
82625,2025-07-15 05:53:29,0,8,0
82625,2025-07-15 05:48:29,0,8,0
82625,2025-07-15 05:43:29,0,8,0
82625,2025-07-15 05:38:29,0,8,0
82625,2025-07-15 05:33:29,0,8,0
82625,2025-07-15 05:28:29,0,8,0
82625,2025-07-15 05:23:29,0,8,0
82625,2025-07-15 05:18:29,0,8,0
82625,2025-07-15 05:13:29,0,8,0
82625,2025-07-15 05:08:29,0,8,0
82625,2025-07-15 05:03:29,0,8,0
82625,2025-07-15 04:58:29,0,8,0
82625,2025-07-15 04:53:29,0,8,0
82625,2025-07-15 04:48:29,0,8,0
82625,2025-07-15 04:43:29,0,8,0
82625,2025-07-15 04:38:29,0,8,0
82625,2025-07-15 04:33:29,0,8,0
82625,2025-07-15 04:28:29,0,8,0
82625,2025-07-15 04:23:29,0,8,0
82625,2025-07-15 04:18:29,0,8,0
82625,2025-07-15 04:13:29,0,8,0
82625,2025-07-15 04:08:29,0,8,0
82625,2025-07-15 04:03:29,0,8,0
82625,2025-07-15 03:58:29,0,8,0
82625,2025-07-15 03:53:29,0,8,0
82625,2025-07-15 03:48:29,0,8,0
82625,2025-07-15 03:43:29,0,8,0
82625,2025-07-15 03:38:29,0,8,0
82625,2025-07-15 03:33:29,0,8,0
82625,2025-07-15 03:28:29,0,8,0
82625,2025-07-15 03:23:29,0,8,0
82625,2025-07-15 03:18:29,0,8,0
82625,2025-07-15 03:13:29,0,8,0
82625,2025-07-15 03:08:29,0,8,0
82625,2025-07-15 03:03:29,0,8,0
82625,2025-07-15 02:58:29,0,8,0
82625,2025-07-15 02:53:29,0,8,0
82625,2025-07-15 02:48:29,0,8,0
82625,2025-07-15 02:43:29,0,8,0
82625,2025-07-15 02:38:29,0,8,0
82625,2025-07-15 02:33:29,0,8,0
82625,2025-07-15 02:28:29,0,8,0
82625,2025-07-15 02:23:29,0,8,0
82625,2025-07-15 02:18:29,0,8,0
82625,2025-07-15 02:13:29,0,8,0
82625,2025-07-15 02:08:29,0,8,0
82625,2025-07-15 02:03:29,0,8,0
82625,2025-07-15 01:58:29,0,8,0
82625,2025-07-15 01:53:29,0,8,0
82625,2025-07-15 01:48:29,0,8,0
82625,2025-07-15 01:43:29,0,8,0
82625,2025-07-15 01:38:29,0,8,0
82625,2025-07-15 01:33:29,0,8,0
82625,2025-07-15 01:28:29,0,8,0
82625,2025-07-15 01:23:29,0,8,0
82625,2025-07-15 01:18:29,0,8,0
82625,2025-07-15 01:13:30,0,8,0
82625,2025-07-15 01:08:29,0,8,0
82625,2025-07-15 01:03:29,0,8,0
82625,2025-07-15 00:58:29,0,8,0
82625,2025-07-15 00:53:29,0,8,0
82625,2025-07-15 00:48:29,0,8,0
82625,2025-07-15 00:43:29,0,8,0
82625,2025-07-15 00:38:29,0,8,0
82625,2025-07-15 00:33:29,0,8,0
82625,2025-07-15 00:28:29,0,8,0
82625,2025-07-15 00:23:30,0,8,0
82625,2025-07-15 00:18:29,0,8,0
82625,2025-07-15 00:13:29,0,8,0
82625,2025-07-15 00:08:29,0,8,0
82625,2025-07-15 00:03:29,0,8,0
82625,2025-07-14 23:58:29,0,8,0
82625,2025-07-14 23:53:29,0,8,0
82625,2025-07-14 23:48:29,0,8,0
82625,2025-07-14 23:43:29,0,8,0
82625,2025-07-14 23:38:29,0,8,0
82625,2025-07-14 23:33:29,0,8,0
82625,2025-07-14 23:28:29,0,8,0
82625,2025-07-14 23:23:29,0,8,0
82625,2025-07-14 23:18:29,0,8,0
82625,2025-07-14 23:13:29,0,8,0
82625,2025-07-14 23:08:29,0,8,0
82625,2025-07-14 23:03:29,0,8,0
82625,2025-07-14 22:58:29,0,8,0
82625,2025-07-14 22:53:29,0,8,0
82625,2025-07-14 22:48:29,0,8,0
82625,2025-07-14 22:43:29,0,8,0
82625,2025-07-14 22:38:29,0,8,0
82625,2025-07-14 22:33:29,0,8,0
82625,2025-07-14 22:28:29,0,8,0
82625,2025-07-14 22:23:29,0,8,0
82625,2025-07-14 22:18:29,0,8,0
82625,2025-07-14 22:13:29,0,8,0
82625,2025-07-14 22:08:29,0,8,0
82625,2025-07-14 22:03:30,0,8,0
82625,2025-07-14 21:58:29,0,8,0
82625,2025-07-14 21:53:29,0,8,0
82625,2025-07-14 21:48:29,0,8,0
82625,2025-07-14 21:43:29,0,8,0
82625,2025-07-14 21:38:29,0,8,0
82625,2025-07-14 21:33:29,0,8,0
82625,2025-07-14 21:28:29,0,8,0
82625,2025-07-14 21:23:29,0,8,0
82625,2025-07-14 21:18:29,0,8,0
82625,2025-07-14 21:13:29,0,8,0
82625,2025-07-14 21:08:29,0,8,0
82625,2025-07-14 21:03:30,0,8,0
82625,2025-07-14 20:58:29,0,8,0
82625,2025-07-14 20:53:29,0,8,0
82625,2025-07-14 20:48:29,0,8,0
82625,2025-07-14 20:43:29,0,8,0
82625,2025-07-14 20:38:30,0,8,0
82625,2025-07-14 20:33:29,0,8,0
82625,2025-07-14 20:28:29,0,8,0
82625,2025-07-14 20:23:29,0,8,0
82625,2025-07-14 20:18:29,0,8,0
82625,2025-07-14 20:13:29,0,8,0
82625,2025-07-14 20:08:29,0,8,0
82625,2025-07-14 20:03:29,0,8,0
82625,2025-07-14 19:58:29,0,8,0
82625,2025-07-14 19:53:29,0,8,0
82625,2025-07-14 19:48:29,0,8,0
82625,2025-07-14 19:43:29,0,8,0
82625,2025-07-14 19:38:29,0,8,0
82625,2025-07-14 19:33:29,0,8,0
82625,2025-07-14 19:28:29,0,8,0
82625,2025-07-14 19:23:29,0,8,0
82625,2025-07-14 19:18:29,0,8,0
82625,2025-07-14 19:13:29,0,8,0
82625,2025-07-14 19:08:29,0,8,0
82625,2025-07-14 19:03:29,0,8,0
82625,2025-07-14 18:58:29,0,8,0
82625,2025-07-14 18:53:29,0,8,0
82625,2025-07-14 18:48:29,0,8,0
82625,2025-07-14 18:43:29,0,8,0
82625,2025-07-14 18:38:29,0,8,0
82625,2025-07-14 18:33:29,0,8,0
82625,2025-07-14 18:28:30,0,8,0
82625,2025-07-14 18:23:29,0,8,0
82625,2025-07-14 18:18:29,0,8,0
82625,2025-07-14 18:13:29,0,8,0
82625,2025-07-14 18:08:29,0,8,0
82625,2025-07-14 18:03:29,0,8,0
82625,2025-07-14 17:58:29,0,8,0
82625,2025-07-14 17:53:29,0,8,0
82625,2025-07-14 17:48:29,0,8,0
82625,2025-07-14 17:43:29,0,8,0
82625,2025-07-14 17:38:29,0,8,0
82625,2025-07-14 17:33:29,0,8,0
82625,2025-07-14 17:28:29,0,8,0
82625,2025-07-14 17:23:29,0,8,0
82625,2025-07-14 17:18:29,0,8,0
82625,2025-07-14 17:13:29,0,8,0
82625,2025-07-14 17:08:29,0,8,0
82625,2025-07-14 17:03:29,0,8,0
82625,2025-07-14 16:58:29,0,8,0
82625,2025-07-14 16:53:29,0,8,0
82625,2025-07-14 16:48:29,0,8,0
82625,2025-07-14 16:43:29,0,8,0
82625,2025-07-14 16:38:29,0,8,0
82625,2025-07-14 16:33:30,0,8,0
82625,2025-07-14 16:28:29,0,8,0
82625,2025-07-14 16:23:29,0,8,0
82625,2025-07-14 16:18:29,0,8,0
82625,2025-07-14 16:13:29,0,8,0
82625,2025-07-14 16:08:29,0,8,0
82625,2025-07-14 16:03:29,0,8,0
82625,2025-07-14 15:58:29,0,8,0
82625,2025-07-14 15:53:29,0,8,0
82625,2025-07-14 15:48:29,0,8,0
82625,2025-07-14 15:43:29,0,8,0
82625,2025-07-14 15:38:29,0,8,0
82625,2025-07-14 15:33:29,0,8,0
82625,2025-07-14 15:28:29,0,8,0
82625,2025-07-14 15:23:29,0,8,0
82625,2025-07-14 15:18:29,0,8,0
82625,2025-07-14 15:13:29,0,8,0
82625,2025-07-14 15:08:29,0,8,0
82625,2025-07-14 15:03:29,0,8,0
82625,2025-07-14 14:58:29,0,8,0
82625,2025-07-14 14:53:29,0,8,0
82625,2025-07-14 14:48:29,0,8,0
82625,2025-07-14 14:43:29,0,8,0
82625,2025-07-14 14:38:29,0,8,0
82625,2025-07-14 14:33:29,0,8,0
82625,2025-07-14 14:28:29,0,8,0
82625,2025-07-14 14:23:29,0,8,0
82625,2025-07-14 14:18:29,0,8,0
82625,2025-07-14 14:13:29,0,8,0
82625,2025-07-14 14:08:29,0,8,0
82625,2025-07-14 14:03:29,0,8,0
82625,2025-07-14 13:58:29,0,8,0
82625,2025-07-14 13:53:29,0,8,0
82625,2025-07-14 13:48:29,0,8,0
82625,2025-07-14 13:43:29,0,8,0
82625,2025-07-14 13:38:29,0,8,0
82625,2025-07-14 13:33:29,0,8,0
82625,2025-07-14 13:28:29,0,8,0
82625,2025-07-14 13:23:29,0,8,0
82625,2025-07-14 13:19:58,0,8,0
82625,2025-07-14 13:13:29,0,8,0
82625,2025-07-14 13:08:32,0,8,0
82625,2025-07-14 13:03:29,0,8,0
82625,2025-07-14 12:58:29,0,8,0
82625,2025-07-14 12:53:29,0,8,0
82625,2025-07-14 12:48:29,0,8,0
82625,2025-07-14 12:43:29,0,8,0
82625,2025-07-14 12:38:29,0,8,0
82625,2025-07-14 12:33:29,0,8,0
82625,2025-07-14 12:28:29,0,8,0
82625,2025-07-14 12:23:29,0,8,0
82625,2025-07-14 12:18:29,0,8,0
82625,2025-07-14 12:13:29,0,8,0
82625,2025-07-14 12:08:29,0,8,0
82625,2025-07-14 12:03:30,0,8,0
82625,2025-07-14 11:58:30,0,8,0
82625,2025-07-14 11:53:29,0,8,0
82625,2025-07-14 11:48:29,0,8,0
82625,2025-07-14 11:43:29,0,8,0
82625,2025-07-14 11:38:29,0,8,0
82625,2025-07-14 11:33:29,0,8,0
82625,2025-07-14 11:28:29,0,8,0
82625,2025-07-14 11:23:29,0,8,0
82625,2025-07-14 11:18:29,0,8,0
82625,2025-07-14 11:13:29,0,8,0
82625,2025-07-14 11:08:29,0,8,0
82625,2025-07-14 11:03:29,0,8,0
82625,2025-07-14 10:58:29,0,8,0
82625,2025-07-14 10:53:29,0,8,0
82625,2025-07-14 10:48:29,0,8,0
82625,2025-07-14 10:43:29,0,8,0
82625,2025-07-14 10:38:29,0,8,0
82625,2025-07-14 10:33:29,0,8,0
82625,2025-07-14 10:28:29,0,8,0
82625,2025-07-14 10:23:29,0,8,0
82625,2025-07-14 10:18:29,0,8,0
82625,2025-07-14 10:13:29,0,8,0
82625,2025-07-14 10:08:29,0,8,0
82625,2025-07-14 10:03:29,0,8,0
82625,2025-07-14 09:58:29,0,8,0
82625,2025-07-14 09:53:29,0,8,0
82625,2025-07-14 09:48:29,0,8,0
82625,2025-07-14 09:43:29,0,8,0
82625,2025-07-14 09:38:29,0,8,0
82625,2025-07-14 09:33:29,0,8,0
82625,2025-07-14 09:28:29,0,8,0
82625,2025-07-14 09:23:29,0,8,0
82625,2025-07-14 09:18:29,0,8,0
82625,2025-07-14 09:13:29,0,8,0
82625,2025-07-14 09:08:29,0,8,0
82625,2025-07-14 09:03:29,0,8,0
82625,2025-07-14 08:58:29,0,8,0
82625,2025-07-14 08:53:29,0,8,0
82625,2025-07-14 08:48:29,0,8,0
82625,2025-07-14 08:43:29,0,8,0
82625,2025-07-14 08:38:29,0,8,0
82625,2025-07-14 08:33:29,0,8,0
82625,2025-07-14 08:28:29,0,8,0
82625,2025-07-14 08:23:29,0,8,0
82625,2025-07-14 08:18:29,0,8,0
82625,2025-07-14 08:13:29,0,8,0
82625,2025-07-14 08:08:29,0,8,0
82625,2025-07-14 08:03:29,0,8,0
82625,2025-07-14 07:58:30,0,8,0
82625,2025-07-14 07:53:29,0,8,0
82625,2025-07-14 07:48:29,0,8,0
82625,2025-07-14 07:43:30,0,8,0
82625,2025-07-14 07:38:29,0,8,0
82625,2025-07-14 07:33:29,0,8,0
82625,2025-07-14 07:28:29,0,8,0
82625,2025-07-14 07:23:29,0,8,0
82625,2025-07-14 07:18:29,0,8,0
82625,2025-07-14 07:13:29,0,8,0
82625,2025-07-14 07:08:29,0,8,0
82625,2025-07-14 07:03:29,0,8,0
82625,2025-07-14 06:58:29,0,8,0
82625,2025-07-14 06:53:29,0,8,0
82625,2025-07-14 06:48:29,0,8,0
82625,2025-07-14 06:43:29,0,8,0
82625,2025-07-14 06:38:29,0,8,0
82625,2025-07-14 06:33:29,0,8,0
82625,2025-07-14 06:28:29,0,8,0
82625,2025-07-14 06:23:29,0,8,0
82625,2025-07-14 06:18:29,0,8,0
82625,2025-07-14 06:13:29,0,8,0
82625,2025-07-14 06:08:29,0,8,0
82625,2025-07-14 06:03:29,0,8,0
82625,2025-07-14 05:58:29,0,8,0
82625,2025-07-14 05:53:29,0,8,0
82625,2025-07-14 05:48:29,0,8,0
82625,2025-07-14 05:43:29,0,8,0
82625,2025-07-14 05:38:29,0,8,0
82625,2025-07-14 05:33:29,0,8,0
82625,2025-07-14 05:28:29,0,8,0
82625,2025-07-14 05:23:29,0,8,0
82625,2025-07-14 05:18:29,0,8,0
82625,2025-07-14 05:13:29,0,8,0
82625,2025-07-14 05:08:29,0,8,0
82625,2025-07-14 05:03:29,0,8,0
82625,2025-07-14 04:58:29,0,8,0
82625,2025-07-14 04:53:29,0,8,0
82625,2025-07-14 04:48:29,0,8,0
82625,2025-07-14 04:43:29,0,8,0
82625,2025-07-14 04:38:29,0,8,0
82625,2025-07-14 04:33:29,0,8,0
82625,2025-07-14 04:28:29,0,8,0
82625,2025-07-14 04:23:29,0,8,0
82625,2025-07-14 04:18:29,0,8,0
82625,2025-07-14 04:13:29,0,8,0
82625,2025-07-14 04:08:29,0,8,0
82625,2025-07-14 04:03:29,0,8,0
82625,2025-07-14 03:58:29,0,8,0
82625,2025-07-14 03:53:30,0,8,0
82625,2025-07-14 03:48:29,0,8,0
82625,2025-07-14 03:43:29,0,8,0
82625,2025-07-14 03:38:30,0,8,0
82625,2025-07-14 03:33:29,0,8,0
82625,2025-07-14 03:28:29,0,8,0
82625,2025-07-14 03:23:29,0,8,0
82625,2025-07-14 03:18:29,0,8,0
82625,2025-07-14 03:13:29,0,8,0
82625,2025-07-14 03:08:29,0,8,0
82625,2025-07-14 03:03:29,0,8,0
82625,2025-07-14 02:58:29,0,8,0
82625,2025-07-14 02:53:51,0,8,0
82625,2025-07-14 02:48:30,0,8,0
82625,2025-07-14 02:43:29,0,8,0
82625,2025-07-14 02:38:29,0,8,0
82625,2025-07-14 02:33:29,0,8,0
82625,2025-07-14 02:28:29,0,8,0
82625,2025-07-14 02:23:29,0,8,0
82625,2025-07-14 02:18:29,0,8,0
82625,2025-07-14 02:13:29,0,8,0
82625,2025-07-14 02:08:29,0,8,0
82625,2025-07-14 02:03:29,0,8,0
82625,2025-07-14 01:58:29,0,8,0
82625,2025-07-14 01:53:29,0,8,0
82625,2025-07-14 01:48:29,0,8,0
82625,2025-07-14 01:43:29,0,8,0
82625,2025-07-14 01:38:29,0,8,0
82625,2025-07-14 01:33:29,0,8,0
82625,2025-07-14 01:28:32,0,8,0
82625,2025-07-14 01:23:29,0,8,0
82625,2025-07-14 01:18:29,0,8,0
82625,2025-07-14 01:13:29,0,8,0
82625,2025-07-14 01:08:29,0,8,0
82625,2025-07-14 01:03:29,0,8,0
82625,2025-07-14 00:58:30,0,8,0
82625,2025-07-14 00:53:29,0,8,0
82625,2025-07-14 00:48:29,0,8,0
82625,2025-07-14 00:43:29,0,8,0
82625,2025-07-14 00:38:29,0,8,0
82625,2025-07-14 00:33:29,0,8,0
82625,2025-07-14 00:28:29,0,8,0
82625,2025-07-14 00:23:29,0,8,0
82625,2025-07-14 00:18:29,0,8,0
82625,2025-07-14 00:13:29,0,8,0
82625,2025-07-14 00:08:29,0,8,0
82625,2025-07-14 00:03:29,0,8,0
82625,2025-07-13 23:58:29,0,8,0
82625,2025-07-13 23:53:29,0,8,0
82625,2025-07-13 23:48:29,0,8,0
82625,2025-07-13 23:43:29,0,8,0
82625,2025-07-13 23:38:29,0,8,0
82625,2025-07-13 23:33:29,0,8,0
82625,2025-07-13 23:28:29,0,8,0
82625,2025-07-13 23:23:29,0,8,0
82625,2025-07-13 23:18:29,0,8,0
82625,2025-07-13 23:13:29,0,8,0
82625,2025-07-13 23:08:29,0,8,0
82625,2025-07-13 23:03:29,0,8,0
82625,2025-07-13 22:58:29,0,8,0
82625,2025-07-13 22:53:29,0,8,0
82625,2025-07-13 22:48:29,0,8,0
82625,2025-07-13 22:43:29,0,8,0
82625,2025-07-13 22:38:29,0,8,0
82625,2025-07-13 22:33:29,0,8,0
82625,2025-07-13 22:28:29,0,8,0
82625,2025-07-13 22:23:29,0,8,0
82625,2025-07-13 22:18:29,0,8,0
82625,2025-07-13 22:13:29,0,8,0
82625,2025-07-13 22:08:29,0,8,0
82625,2025-07-13 22:03:29,0,8,0
82625,2025-07-13 21:58:29,0,8,0
82625,2025-07-13 21:53:29,0,8,0
82625,2025-07-13 21:48:29,0,8,0
82625,2025-07-13 21:43:29,0,8,0
82625,2025-07-13 21:38:29,0,8,0
82625,2025-07-13 21:33:29,0,8,0
82625,2025-07-13 21:28:29,0,8,0
82625,2025-07-13 21:23:29,0,8,0
82625,2025-07-13 21:18:29,0,8,0
82625,2025-07-13 21:13:29,0,8,0
82625,2025-07-13 21:08:29,0,8,0
82625,2025-07-13 21:03:29,0,8,0
82625,2025-07-13 20:58:29,0,8,0
82625,2025-07-13 20:53:29,0,8,0
82625,2025-07-13 20:48:29,0,8,0
82625,2025-07-13 20:43:29,0,8,0
82625,2025-07-13 20:38:29,0,8,0
82625,2025-07-13 20:33:29,0,8,0
82625,2025-07-13 20:28:29,0,8,0
82625,2025-07-13 20:23:29,0,8,0
82625,2025-07-13 20:18:29,0,8,0
82625,2025-07-13 20:13:29,0,8,0
82625,2025-07-13 20:08:29,0,8,0
82625,2025-07-13 20:03:29,0,8,0
82625,2025-07-13 19:58:29,0,8,0
82625,2025-07-13 19:53:31,0,8,0
82625,2025-07-13 19:48:33,0,8,0
82625,2025-07-13 19:43:32,0,8,0
82625,2025-07-13 19:38:31,0,8,0
82625,2025-07-13 19:33:30,0,8,0
82625,2025-07-13 19:28:31,0,8,0
82625,2025-07-13 19:23:30,0,8,0
82625,2025-07-13 19:18:32,0,8,0
82625,2025-07-13 19:13:31,0,8,0
82625,2025-07-13 19:08:29,0,8,0
82625,2025-07-13 19:03:30,0,8,0
82625,2025-07-13 18:58:29,0,8,0
82625,2025-07-13 18:53:30,0,8,0
82625,2025-07-13 18:48:29,0,8,0
82625,2025-07-13 18:43:30,0,8,0
82625,2025-07-13 18:38:29,0,8,0
82625,2025-07-13 18:33:29,0,8,0
82625,2025-07-13 18:28:29,0,8,0
82625,2025-07-13 18:23:29,0,8,0
82625,2025-07-13 18:18:29,0,8,0
82625,2025-07-13 18:13:29,0,8,0
82625,2025-07-13 18:08:29,0,8,0
82625,2025-07-13 18:03:29,0,8,0
82625,2025-07-13 17:58:29,0,8,0
82625,2025-07-13 17:53:29,0,8,0
82625,2025-07-13 17:48:29,0,8,0
82625,2025-07-13 17:43:29,0,8,0
82625,2025-07-13 17:38:29,0,8,0
82625,2025-07-13 17:33:29,0,8,0
82625,2025-07-13 17:28:29,0,8,0
82625,2025-07-13 17:23:29,0,8,0
82625,2025-07-13 17:18:29,0,8,0
82625,2025-07-13 17:13:29,0,8,0
82625,2025-07-13 17:08:29,0,8,0
82625,2025-07-13 17:03:29,0,8,0
82625,2025-07-13 16:58:29,0,8,0
82625,2025-07-13 16:53:29,0,8,0
82625,2025-07-13 16:48:29,0,8,0
82625,2025-07-13 16:43:29,0,8,0
82625,2025-07-13 16:38:29,0,8,0
82625,2025-07-13 16:33:29,0,8,0
82625,2025-07-13 16:28:29,0,8,0
82625,2025-07-13 16:23:29,0,8,0
82625,2025-07-13 16:18:29,0,8,0
82625,2025-07-13 16:13:29,0,8,0
82625,2025-07-13 16:08:29,0,8,0
82625,2025-07-13 16:03:29,0,8,0
82625,2025-07-13 15:58:29,0,8,0
82625,2025-07-13 15:53:29,0,8,0
82625,2025-07-13 15:48:29,0,8,0
82625,2025-07-13 15:43:29,0,8,0
82625,2025-07-13 15:38:29,0,8,0
82625,2025-07-13 15:33:29,0,8,0
82625,2025-07-13 15:28:29,0,8,0
82625,2025-07-13 15:23:29,0,8,0
82625,2025-07-13 15:18:29,0,8,0
82625,2025-07-13 15:13:29,0,8,0
82625,2025-07-13 15:08:29,0,8,0
82625,2025-07-13 15:03:29,0,8,0
82625,2025-07-13 14:58:29,0,8,0
82625,2025-07-13 14:53:29,0,8,0
82625,2025-07-13 14:48:29,0,8,0
82625,2025-07-13 14:43:29,0,8,0
82625,2025-07-13 14:38:29,0,8,0
82625,2025-07-13 14:33:29,0,8,0
82625,2025-07-13 14:28:29,0,8,0
82625,2025-07-13 14:23:29,0,8,0
82625,2025-07-13 14:18:29,0,8,0
82625,2025-07-13 14:13:29,0,8,0
82625,2025-07-13 14:08:29,0,8,0
82625,2025-07-13 14:03:29,0,8,0
82625,2025-07-13 13:58:29,0,8,0
82625,2025-07-13 13:53:29,0,8,0
82625,2025-07-13 13:48:29,0,8,0
82625,2025-07-13 13:43:29,0,8,0
82625,2025-07-13 13:38:29,0,8,0
82625,2025-07-13 13:33:29,0,8,0
82625,2025-07-13 13:28:29,0,8,0
82625,2025-07-13 13:23:29,0,8,0
82625,2025-07-13 13:18:29,0,8,0
82625,2025-07-13 13:13:29,0,8,0
82625,2025-07-13 13:08:29,0,8,0
82625,2025-07-13 13:03:29,0,8,0
82625,2025-07-13 12:58:29,0,8,0
82625,2025-07-13 12:53:29,0,8,0
82625,2025-07-13 12:48:29,0,8,0
82625,2025-07-13 12:43:29,0,8,0
82625,2025-07-13 12:38:29,0,8,0
82625,2025-07-13 12:33:29,0,8,0
82625,2025-07-13 12:28:29,0,8,0
82625,2025-07-13 12:23:29,0,8,0
82625,2025-07-13 12:18:29,0,8,0
82625,2025-07-13 12:13:29,0,8,0
82625,2025-07-13 12:08:29,0,8,0
82625,2025-07-13 12:03:29,0,8,0
82625,2025-07-13 11:58:29,0,8,0
82625,2025-07-13 11:53:29,0,8,0
82625,2025-07-13 11:48:29,0,8,0
82625,2025-07-13 11:43:29,0,8,0
82625,2025-07-13 11:38:29,0,8,0
82625,2025-07-13 11:33:29,0,8,0
82625,2025-07-13 11:28:29,0,8,0
82625,2025-07-13 11:23:29,0,8,0
82625,2025-07-13 11:18:29,0,8,0
82625,2025-07-13 11:13:29,0,8,0
82625,2025-07-13 11:08:29,0,8,0
82625,2025-07-13 11:03:29,0,8,0
82625,2025-07-13 10:58:29,0,8,0
82625,2025-07-13 10:53:29,0,8,0
82625,2025-07-13 10:48:29,0,8,0
82625,2025-07-13 10:43:29,0,8,0
82625,2025-07-13 10:38:29,0,8,0
82625,2025-07-13 10:33:29,0,8,0
82625,2025-07-13 10:28:29,0,8,0
82625,2025-07-13 10:23:29,0,8,0
82625,2025-07-13 10:18:29,0,8,0
82625,2025-07-13 10:13:29,0,8,0
82625,2025-07-13 10:08:29,0,8,0
82625,2025-07-13 10:03:29,0,8,0
82625,2025-07-13 09:58:29,0,8,0
82625,2025-07-13 09:53:29,0,8,0
82625,2025-07-13 09:48:29,0,8,0
82625,2025-07-13 09:43:29,0,8,0
82625,2025-07-13 09:38:29,0,8,0
82625,2025-07-13 09:33:29,0,8,0
82625,2025-07-13 09:28:29,0,8,0
82625,2025-07-13 09:23:29,0,8,0
82625,2025-07-13 09:18:29,0,8,0
82625,2025-07-13 09:13:29,0,8,0
82625,2025-07-13 09:08:29,0,8,0
82625,2025-07-13 09:03:29,0,8,0
82625,2025-07-13 08:58:29,0,8,0
82625,2025-07-13 08:53:29,0,8,0
82625,2025-07-13 08:48:29,0,8,0
82625,2025-07-13 08:43:29,0,8,0
82625,2025-07-13 08:38:29,0,8,0
82625,2025-07-13 08:33:29,0,8,0
82625,2025-07-13 08:28:29,0,8,0
82625,2025-07-13 08:23:29,0,8,0
82625,2025-07-13 08:18:29,0,8,0
82625,2025-07-13 08:13:29,0,8,0
82625,2025-07-13 08:08:29,0,8,0
82625,2025-07-13 08:03:29,0,8,0
82625,2025-07-13 07:58:29,0,8,0
82625,2025-07-13 07:53:29,0,8,0
82625,2025-07-13 07:48:29,0,8,0
82625,2025-07-13 07:43:29,0,8,0
82625,2025-07-13 07:38:29,0,8,0
82625,2025-07-13 07:33:29,0,8,0
82625,2025-07-13 07:28:29,0,8,0
82625,2025-07-13 07:23:29,0,8,0
82625,2025-07-13 07:18:29,0,8,0
82625,2025-07-13 07:13:29,0,8,0
82625,2025-07-13 07:08:29,0,8,0
82625,2025-07-13 07:03:29,0,8,0
82625,2025-07-13 06:58:29,0,8,0
82625,2025-07-13 06:53:29,0,8,0
82625,2025-07-13 06:48:29,0,8,0
82625,2025-07-13 06:43:29,0,8,0
82625,2025-07-13 06:38:29,0,8,0
82625,2025-07-13 06:33:30,0,8,0
82625,2025-07-13 06:28:29,0,8,0
82625,2025-07-13 06:23:30,0,8,0
82625,2025-07-13 06:18:29,0,8,0
82625,2025-07-13 06:13:29,0,8,0
82625,2025-07-13 06:08:29,0,8,0
82625,2025-07-13 06:03:30,0,8,0
82625,2025-07-13 05:58:29,0,8,0
82625,2025-07-13 05:53:29,0,8,0
82625,2025-07-13 05:48:29,0,8,0
82625,2025-07-13 05:43:30,0,8,0
82625,2025-07-13 05:38:29,0,8,0
82625,2025-07-13 05:33:29,0,8,0
82625,2025-07-13 05:28:30,0,8,0
82625,2025-07-13 05:23:29,0,8,0
82625,2025-07-13 05:18:29,0,8,0
82625,2025-07-13 05:13:29,0,8,0
82625,2025-07-13 05:08:29,0,8,0
82625,2025-07-13 05:03:30,0,8,0
82625,2025-07-13 04:58:30,0,8,0
82625,2025-07-13 04:53:29,0,8,0
82625,2025-07-13 04:48:29,0,8,0
82625,2025-07-13 04:43:29,0,8,0
82625,2025-07-13 04:38:29,0,8,0
82625,2025-07-13 04:33:29,0,8,0
82625,2025-07-13 04:28:29,0,8,0
82625,2025-07-13 04:23:30,0,8,0
82625,2025-07-13 04:18:30,0,8,0
82625,2025-07-13 04:13:30,0,8,0
82625,2025-07-13 04:08:30,0,8,0
82625,2025-07-13 04:03:30,0,8,0
82625,2025-07-13 03:58:30,0,8,0
82625,2025-07-13 03:53:30,0,8,0
82625,2025-07-13 03:48:30,0,8,0
82625,2025-07-13 03:43:30,0,8,0
82625,2025-07-13 03:38:30,0,8,0
82625,2025-07-13 03:33:30,0,8,0
82625,2025-07-13 03:28:30,0,8,0
82625,2025-07-13 03:23:30,0,8,0
82625,2025-07-13 03:18:30,0,8,0
82625,2025-07-13 03:13:30,0,8,0
82625,2025-07-13 03:08:30,0,8,0
82625,2025-07-13 03:03:30,0,8,0
82625,2025-07-13 02:58:30,0,8,0
82625,2025-07-13 02:53:30,0,8,0
82625,2025-07-13 02:48:30,0,8,0
82625,2025-07-13 02:43:30,0,8,0
82625,2025-07-13 02:38:29,0,8,0
82625,2025-07-13 02:33:30,0,8,0
82625,2025-07-13 02:28:29,0,8,0
82625,2025-07-13 02:23:29,0,8,0
82625,2025-07-13 02:18:29,0,8,0
82625,2025-07-13 02:13:29,0,8,0
82625,2025-07-13 02:08:29,0,8,0
82625,2025-07-13 02:03:29,0,8,0
82625,2025-07-13 01:58:30,0,8,0
82625,2025-07-13 01:53:30,0,8,0
82625,2025-07-13 01:48:29,0,8,0
82625,2025-07-13 01:43:30,0,8,0
82625,2025-07-13 01:38:30,0,8,0
82625,2025-07-13 01:33:30,0,8,0
82625,2025-07-13 01:28:29,0,8,0
82625,2025-07-13 01:23:29,0,8,0
82625,2025-07-13 01:18:29,0,8,0
82625,2025-07-13 01:13:29,0,8,0
82625,2025-07-13 01:08:29,0,8,0
82625,2025-07-13 01:03:29,0,8,0
82625,2025-07-13 00:58:29,0,8,0
82625,2025-07-13 00:53:29,0,8,0
82625,2025-07-13 00:48:29,0,8,0
82625,2025-07-13 00:43:29,0,8,0
82625,2025-07-13 00:38:29,0,8,0
82625,2025-07-13 00:33:29,0,8,0
82625,2025-07-13 00:28:29,0,8,0
82625,2025-07-13 00:23:30,0,8,0
82625,2025-07-13 00:18:29,0,8,0
82625,2025-07-13 00:13:29,0,8,0
82625,2025-07-13 00:08:29,0,8,0
82625,2025-07-13 00:03:29,0,8,0
82625,2025-07-12 23:58:29,0,8,0
82625,2025-07-12 23:53:29,0,8,0
82625,2025-07-12 23:48:29,0,8,0
82625,2025-07-12 23:43:29,0,8,0
82625,2025-07-12 23:38:29,0,8,0
82625,2025-07-12 23:33:29,0,8,0
82625,2025-07-12 23:28:29,0,8,0
82625,2025-07-12 23:23:29,0,8,0
82625,2025-07-12 23:18:29,0,8,0
82625,2025-07-12 23:13:29,0,8,0
82625,2025-07-12 23:08:29,0,8,0
82625,2025-07-12 23:03:29,0,8,0
82625,2025-07-12 22:58:29,0,8,0
82625,2025-07-12 22:53:29,0,8,0
82625,2025-07-12 22:48:29,0,8,0
82625,2025-07-12 22:43:29,0,8,0
82625,2025-07-12 22:38:29,0,8,0
82625,2025-07-12 22:33:29,0,8,0
82625,2025-07-12 22:28:29,0,8,0
82625,2025-07-12 22:23:29,0,8,0
82625,2025-07-12 22:18:29,0,8,0
82625,2025-07-12 22:13:29,0,8,0
82625,2025-07-12 22:08:29,0,8,0
82625,2025-07-12 22:03:29,0,8,0
82625,2025-07-12 21:58:29,0,8,0
82625,2025-07-12 21:53:29,0,8,0
82625,2025-07-12 21:48:29,0,8,0
82625,2025-07-12 21:43:29,0,8,0
82625,2025-07-12 21:38:29,0,8,0
82625,2025-07-12 21:33:29,0,8,0
82625,2025-07-12 21:28:29,0,8,0
82625,2025-07-12 21:23:29,0,8,0
82625,2025-07-12 21:18:29,0,8,0
82625,2025-07-12 21:13:29,0,8,0
82625,2025-07-12 21:08:29,0,8,0
82625,2025-07-12 21:03:29,0,8,0
82625,2025-07-12 20:58:29,0,8,0
82625,2025-07-12 20:53:29,0,8,0
82625,2025-07-12 20:48:29,0,8,0
82625,2025-07-12 20:43:29,0,8,0
82625,2025-07-12 20:38:29,0,8,0
82625,2025-07-12 20:33:29,0,8,0
82625,2025-07-12 20:28:29,0,8,0
82625,2025-07-12 20:23:29,0,8,0
82625,2025-07-12 20:18:29,0,8,0
82625,2025-07-12 20:13:29,0,8,0
82625,2025-07-12 20:08:29,0,8,0
82625,2025-07-12 20:03:30,0,8,0
82625,2025-07-12 19:58:29,0,8,0
82625,2025-07-12 19:53:29,0,8,0
82625,2025-07-12 19:48:29,0,8,0
82625,2025-07-12 19:43:29,0,8,0
82625,2025-07-12 19:38:29,0,8,0
82625,2025-07-12 19:33:29,0,8,0
82625,2025-07-12 19:28:29,0,8,0
82625,2025-07-12 19:24:56,0,8,0
82625,2025-07-12 19:20:00,0,8,0
82625,2025-07-12 19:13:34,0,8,0
82625,2025-07-12 19:08:29,0,8,0
82625,2025-07-12 19:03:29,0,8,0
82625,2025-07-12 18:58:29,0,8,0
82625,2025-07-12 18:53:29,0,8,0
82625,2025-07-12 18:48:30,0,8,0
82625,2025-07-12 18:43:29,0,8,0
82625,2025-07-12 18:38:29,0,8,0
82625,2025-07-12 18:33:29,0,8,0
82625,2025-07-12 18:28:29,0,8,0
82625,2025-07-12 18:23:29,0,8,0
82625,2025-07-12 18:18:29,0,8,0
82625,2025-07-12 18:13:29,0,8,0
82625,2025-07-12 18:08:29,0,8,0
82625,2025-07-12 18:03:29,0,8,0
82625,2025-07-12 17:58:29,0,8,0
82625,2025-07-12 17:53:29,0,8,0
82625,2025-07-12 17:48:29,0,8,0
82625,2025-07-12 17:43:29,0,8,0
82625,2025-07-12 17:38:29,0,8,0
82625,2025-07-12 17:33:29,0,8,0
82625,2025-07-12 17:28:30,0,8,0
82625,2025-07-12 17:23:29,0,8,0
82625,2025-07-12 17:18:29,0,8,0
82625,2025-07-12 17:13:29,0,8,0
82625,2025-07-12 17:08:29,0,8,0
82625,2025-07-12 17:03:29,0,8,0
82625,2025-07-12 16:58:29,0,8,0
82625,2025-07-12 16:53:29,0,8,0
82625,2025-07-12 16:48:29,0,8,0
82625,2025-07-12 16:43:29,0,8,0
82625,2025-07-12 16:38:29,0,8,0
82625,2025-07-12 16:33:29,0,8,0
82625,2025-07-12 16:28:32,0,8,0
82625,2025-07-12 16:23:29,0,8,0
82625,2025-07-12 16:18:29,0,8,0
82625,2025-07-12 16:13:29,0,8,0
82625,2025-07-12 16:08:29,0,8,0
82625,2025-07-12 16:03:29,0,8,0
82625,2025-07-12 15:58:29,0,8,0
82625,2025-07-12 15:53:29,0,8,0
82625,2025-07-12 15:48:29,0,8,0
82625,2025-07-12 15:43:29,0,8,0
82625,2025-07-12 15:38:29,0,8,0
82625,2025-07-12 15:33:29,0,8,0
82625,2025-07-12 15:28:29,0,8,0
82625,2025-07-12 15:23:29,0,8,0
82625,2025-07-12 15:18:29,0,8,0
82625,2025-07-12 15:13:29,0,8,0
82625,2025-07-12 15:08:29,0,8,0
82625,2025-07-12 15:03:29,0,8,0
82625,2025-07-12 14:58:29,0,8,0
82625,2025-07-12 14:53:29,0,8,0
82625,2025-07-12 14:48:29,0,8,0
82625,2025-07-12 14:43:29,0,8,0
82625,2025-07-12 14:38:29,0,8,0
82625,2025-07-12 14:33:32,0,8,0
82625,2025-07-12 14:28:29,0,8,0
82625,2025-07-12 14:23:29,0,8,0
82625,2025-07-12 14:18:29,0,8,0
82625,2025-07-12 14:13:29,0,8,0
82625,2025-07-12 14:08:29,0,8,0
82625,2025-07-12 14:03:29,0,8,0
82625,2025-07-12 13:58:29,0,8,0
82625,2025-07-12 13:53:29,0,8,0
82625,2025-07-12 13:48:29,0,8,0
82625,2025-07-12 13:43:29,0,8,0
82625,2025-07-12 13:38:29,0,8,0
82625,2025-07-12 13:33:29,0,8,0
82625,2025-07-12 13:28:29,0,8,0
82625,2025-07-12 13:23:29,0,8,0
82625,2025-07-12 13:18:29,0,8,0
82625,2025-07-12 13:13:30,0,8,0
82625,2025-07-12 13:08:29,0,8,0
82625,2025-07-12 13:03:29,0,8,0
82625,2025-07-12 12:58:29,0,8,0
82625,2025-07-12 12:53:29,0,8,0
82625,2025-07-12 12:48:29,0,8,0
82625,2025-07-12 12:43:29,0,8,0
82625,2025-07-12 12:38:29,0,8,0
82625,2025-07-12 12:33:29,0,8,0
82625,2025-07-12 12:28:29,0,8,0
82625,2025-07-12 12:23:29,0,8,0
82625,2025-07-12 12:18:29,0,8,0
82625,2025-07-12 12:13:29,0,8,0
82625,2025-07-12 12:08:29,0,8,0
82625,2025-07-12 12:03:29,0,8,0
82625,2025-07-12 11:58:29,0,8,0
82625,2025-07-12 11:53:29,0,8,0
82625,2025-07-12 11:48:29,0,8,0
82625,2025-07-12 11:43:29,0,8,0
82625,2025-07-12 11:38:29,0,8,0
82625,2025-07-12 11:33:29,0,8,0
82625,2025-07-12 11:28:29,0,8,0
82625,2025-07-12 11:23:29,0,8,0
82625,2025-07-12 11:18:29,0,8,0
82625,2025-07-12 11:13:29,0,8,0
82625,2025-07-12 11:08:29,0,8,0
82625,2025-07-12 11:03:29,0,8,0
82625,2025-07-12 10:58:29,0,8,0
82625,2025-07-12 10:53:29,0,8,0
82625,2025-07-12 10:48:29,0,8,0
82625,2025-07-12 10:43:29,0,8,0
82625,2025-07-12 10:38:29,0,8,0
82625,2025-07-12 10:33:29,0,8,0
82625,2025-07-12 10:28:29,0,8,0
82625,2025-07-12 10:23:29,0,8,0
82625,2025-07-12 10:18:29,0,8,0
82625,2025-07-12 10:13:29,0,8,0
82625,2025-07-12 10:08:30,0,8,0
82625,2025-07-12 10:03:29,0,8,0
82625,2025-07-12 09:58:29,0,8,0
82625,2025-07-12 09:53:29,0,8,0
82625,2025-07-12 09:48:29,0,8,0
82625,2025-07-12 09:43:29,0,8,0
82625,2025-07-12 09:38:29,0,8,0
82625,2025-07-12 09:33:29,0,8,0
82625,2025-07-12 09:28:29,0,8,0
82625,2025-07-12 09:23:29,0,8,0
82625,2025-07-12 09:18:29,0,8,0
82625,2025-07-12 09:13:29,0,8,0
82625,2025-07-12 09:08:29,0,8,0
82625,2025-07-12 09:03:29,0,8,0
82625,2025-07-12 08:58:29,0,8,0
82625,2025-07-12 08:53:29,0,8,0
82625,2025-07-12 08:48:29,0,8,0
82625,2025-07-12 08:43:29,0,8,0
82625,2025-07-12 08:38:29,0,8,0
82625,2025-07-12 08:33:29,0,8,0
82625,2025-07-12 08:28:29,0,8,0
82625,2025-07-12 08:23:29,0,8,0
82625,2025-07-12 08:18:29,0,8,0
82625,2025-07-12 08:13:29,0,8,0
82625,2025-07-12 08:08:29,0,8,0
82625,2025-07-12 08:03:29,0,8,0
82625,2025-07-12 07:58:29,0,8,0
82625,2025-07-12 07:53:30,0,8,0
82625,2025-07-12 07:48:29,0,8,0
82625,2025-07-12 07:43:29,0,8,0
82625,2025-07-12 07:38:29,0,8,0
82625,2025-07-12 07:33:30,0,8,0
82625,2025-07-12 07:28:29,0,8,0
82625,2025-07-12 07:23:29,0,8,0
82625,2025-07-12 07:18:29,0,8,0
82625,2025-07-12 07:13:31,0,8,0
82625,2025-07-12 07:08:29,0,8,0
82625,2025-07-12 07:03:29,0,8,0
82625,2025-07-12 06:58:29,0,8,0
82625,2025-07-12 06:53:29,0,8,0
82625,2025-07-12 06:48:29,0,8,0
82625,2025-07-12 06:43:29,0,8,0
82625,2025-07-12 06:38:29,0,8,0
82625,2025-07-12 06:33:30,0,8,0
82625,2025-07-12 06:28:29,0,8,0
82625,2025-07-12 06:23:29,0,8,0
82625,2025-07-12 06:18:29,0,8,0
82625,2025-07-12 06:13:30,0,8,0
82625,2025-07-12 06:08:30,0,8,0
82625,2025-07-12 06:03:29,0,8,0
82625,2025-07-12 05:58:29,0,8,0
82625,2025-07-12 05:53:29,0,8,0
82625,2025-07-12 05:48:29,0,8,0
82625,2025-07-12 05:43:29,0,8,0
82625,2025-07-12 05:38:29,0,8,0
82625,2025-07-12 05:33:29,0,8,0
82625,2025-07-12 05:28:30,0,8,0
82625,2025-07-12 05:23:29,0,8,0
82625,2025-07-12 05:18:29,0,8,0
82625,2025-07-12 05:13:29,0,8,0
82625,2025-07-12 05:08:29,0,8,0
82625,2025-07-12 05:03:29,0,8,0
82625,2025-07-12 04:58:29,0,8,0
82625,2025-07-12 04:53:29,0,8,0
82625,2025-07-12 04:48:29,0,8,0
82625,2025-07-12 04:43:29,0,8,0
82625,2025-07-12 04:38:29,0,8,0
82625,2025-07-12 04:33:29,0,8,0
82625,2025-07-12 04:28:29,0,8,0
82625,2025-07-12 04:23:29,0,8,0
82625,2025-07-12 04:18:29,0,8,0
82625,2025-07-12 04:13:29,0,8,0
82625,2025-07-12 04:08:29,0,8,0
82625,2025-07-12 04:03:29,0,8,0
82625,2025-07-12 03:58:29,0,8,0
82625,2025-07-12 03:53:29,0,8,0
82625,2025-07-12 03:48:29,0,8,0
82625,2025-07-12 03:43:29,0,8,0
82625,2025-07-12 03:38:29,0,8,0
82625,2025-07-12 03:33:29,0,8,0
82625,2025-07-12 03:28:29,0,8,0
82625,2025-07-12 03:23:29,0,8,0
82625,2025-07-12 03:18:29,0,8,0
82625,2025-07-12 03:13:29,0,8,0
82625,2025-07-12 03:08:29,0,8,0
82625,2025-07-12 03:03:29,0,8,0
82625,2025-07-12 02:58:29,0,8,0
82625,2025-07-12 02:53:29,0,8,0
82625,2025-07-12 02:48:29,0,8,0
82625,2025-07-12 02:43:29,0,8,0
82625,2025-07-12 02:38:29,0,8,0
82625,2025-07-12 02:33:30,0,8,0
82625,2025-07-12 02:28:29,0,8,0
82625,2025-07-12 02:23:29,0,8,0
82625,2025-07-12 02:18:29,0,8,0
82625,2025-07-12 02:13:29,0,8,0
82625,2025-07-12 02:08:29,0,8,0
82625,2025-07-12 02:03:29,0,8,0
82625,2025-07-12 01:58:29,0,8,0
82625,2025-07-12 01:53:29,0,8,0
82625,2025-07-12 01:48:29,0,8,0
82625,2025-07-12 01:43:29,0,8,0
82625,2025-07-12 01:38:29,0,8,0
82625,2025-07-12 01:33:29,0,8,0
82625,2025-07-12 01:28:29,0,8,0
82625,2025-07-12 01:23:29,0,8,0
82625,2025-07-12 01:18:29,0,8,0
82625,2025-07-12 01:13:29,0,8,0
82625,2025-07-12 01:08:29,0,8,0
82625,2025-07-12 01:03:29,0,8,0
82625,2025-07-12 00:58:29,0,8,0
82625,2025-07-12 00:53:29,0,8,0
82625,2025-07-12 00:48:29,0,8,0
82625,2025-07-12 00:43:29,0,8,0
82625,2025-07-12 00:38:29,0,8,0
82625,2025-07-12 00:33:29,0,8,0
82625,2025-07-12 00:28:29,0,8,0
82625,2025-07-12 00:23:29,0,8,0
82625,2025-07-12 00:18:29,0,8,0
82625,2025-07-12 00:13:29,0,8,0
82625,2025-07-12 00:08:29,0,8,0
82625,2025-07-12 00:03:29,0,8,0
82625,2025-07-11 23:58:29,0,8,0
82625,2025-07-11 23:53:29,0,8,0
82625,2025-07-11 23:48:29,0,8,0
82625,2025-07-11 23:43:31,0,8,0
82625,2025-07-11 23:38:29,0,8,0
82625,2025-07-11 23:33:29,0,8,0
82625,2025-07-11 23:28:29,0,8,0
82625,2025-07-11 23:23:29,0,8,0
82625,2025-07-11 23:18:29,0,8,0
82625,2025-07-11 23:13:29,0,8,0
82625,2025-07-11 23:08:29,0,8,0
82625,2025-07-11 23:03:29,0,8,0
82625,2025-07-11 22:58:29,0,8,0
82625,2025-07-11 22:53:29,0,8,0
82625,2025-07-11 22:48:29,0,8,0
82625,2025-07-11 22:43:29,0,8,0
82625,2025-07-11 22:38:29,0,8,0
82625,2025-07-11 22:33:30,0,8,0
82625,2025-07-11 22:28:29,0,8,0
82625,2025-07-11 22:23:29,0,8,0
82625,2025-07-11 22:18:29,0,8,0
82625,2025-07-11 22:13:29,0,8,0
82625,2025-07-11 22:08:29,0,8,0
82625,2025-07-11 22:03:29,0,8,0
82625,2025-07-11 21:58:29,0,8,0
82625,2025-07-11 21:53:29,0,8,0
82625,2025-07-11 21:48:29,0,8,0
82625,2025-07-11 21:43:29,0,8,0
82625,2025-07-11 21:38:29,0,8,0
82625,2025-07-11 21:33:29,0,8,0
82625,2025-07-11 21:28:29,0,8,0
82625,2025-07-11 21:23:29,0,8,0
82625,2025-07-11 21:18:29,0,8,0
82625,2025-07-11 21:13:29,0,8,0
82625,2025-07-11 21:08:29,0,8,0
82625,2025-07-11 21:03:29,0,8,0
82625,2025-07-11 20:58:29,0,8,0
82625,2025-07-11 20:53:30,0,8,0
82625,2025-07-11 20:48:29,0,8,0
82625,2025-07-11 20:43:29,0,8,0
82625,2025-07-11 20:38:29,0,8,0
82625,2025-07-11 20:33:29,0,8,0
82625,2025-07-11 20:28:29,0,8,0
82625,2025-07-11 20:23:29,0,8,0
82625,2025-07-11 20:18:29,0,8,0
82625,2025-07-11 20:13:32,0,8,0
82625,2025-07-11 20:08:30,0,8,0
82625,2025-07-11 20:03:31,0,8,0
82625,2025-07-11 19:58:31,0,8,0
82625,2025-07-11 19:53:29,0,8,0
82625,2025-07-11 19:48:29,0,8,0
82625,2025-07-11 19:43:29,0,8,0
82625,2025-07-11 19:38:29,0,8,0
82625,2025-07-11 19:33:29,0,8,0
82625,2025-07-11 19:28:29,0,8,0
82625,2025-07-11 19:23:29,0,8,0
82625,2025-07-11 19:18:29,0,8,0
82625,2025-07-11 19:13:30,0,8,0
82625,2025-07-11 19:08:29,0,8,0
82625,2025-07-11 19:03:29,0,8,0
82625,2025-07-11 18:58:29,0,8,0
82625,2025-07-11 18:53:29,0,8,0
82625,2025-07-11 18:48:29,0,8,0
82625,2025-07-11 18:43:29,0,8,0
82625,2025-07-11 18:38:29,0,8,0
82625,2025-07-11 18:33:29,0,8,0
82625,2025-07-11 18:28:30,0,8,0
82625,2025-07-11 18:23:29,0,8,0
82625,2025-07-11 18:18:29,0,8,0
82625,2025-07-11 18:13:29,0,8,0
82625,2025-07-11 18:08:29,0,8,0
82625,2025-07-11 18:03:29,0,8,0
82625,2025-07-11 17:58:29,0,8,0
82625,2025-07-11 17:53:29,0,8,0
82625,2025-07-11 17:48:29,0,8,0
82625,2025-07-11 17:43:29,0,8,0
82625,2025-07-11 17:38:29,0,8,0
82625,2025-07-11 17:33:29,0,8,0
82625,2025-07-11 17:28:29,0,8,0
82625,2025-07-11 17:23:29,0,8,0
82625,2025-07-11 17:18:29,0,8,0
82625,2025-07-11 17:13:30,0,8,0
82625,2025-07-11 17:08:29,0,8,0
82625,2025-07-11 17:03:30,0,8,0
82625,2025-07-11 16:58:29,0,8,0
82625,2025-07-11 16:53:29,0,8,0
82625,2025-07-11 16:48:29,0,8,0
82625,2025-07-11 16:43:29,0,8,0
82625,2025-07-11 16:38:29,0,8,0
82625,2025-07-11 16:33:29,0,8,0
82625,2025-07-11 16:28:29,0,8,0
82625,2025-07-11 16:23:29,0,8,0
82625,2025-07-11 16:18:31,0,8,0
82625,2025-07-11 16:13:30,0,8,0
82625,2025-07-11 16:08:29,0,8,0
82625,2025-07-11 16:03:29,0,8,0
82625,2025-07-11 15:58:29,0,8,0
82625,2025-07-11 15:53:29,0,8,0
82625,2025-07-11 15:48:29,0,8,0
82625,2025-07-11 15:43:29,0,8,0
82625,2025-07-11 15:38:29,0,8,0
82625,2025-07-11 15:33:29,0,8,0
82625,2025-07-11 15:28:29,0,8,0
82625,2025-07-11 15:23:29,0,8,0
82625,2025-07-11 15:18:29,0,8,0
82625,2025-07-11 15:13:29,0,8,0
82625,2025-07-11 15:08:29,0,8,0
82625,2025-07-11 15:03:29,0,8,0
82625,2025-07-11 14:58:29,0,8,0
82625,2025-07-11 14:53:29,0,8,0
82625,2025-07-11 14:48:29,0,8,0
82625,2025-07-11 14:43:29,0,8,0
82625,2025-07-11 14:38:29,0,8,0
82625,2025-07-11 14:33:29,0,8,0
82625,2025-07-11 14:28:29,0,8,0
82625,2025-07-11 14:23:29,0,8,0
82625,2025-07-11 14:18:29,0,8,0
82625,2025-07-11 14:13:29,0,8,0
82625,2025-07-11 14:08:29,0,8,0
82625,2025-07-11 14:03:29,0,8,0
82625,2025-07-11 13:58:29,0,8,0
82625,2025-07-11 13:53:29,0,8,0
82625,2025-07-11 13:48:29,0,8,0
82625,2025-07-11 13:43:29,0,8,0
82625,2025-07-11 13:38:29,0,8,0
82625,2025-07-11 13:33:29,0,8,0
82625,2025-07-11 13:28:29,0,8,0
82625,2025-07-11 13:23:29,0,8,0
82625,2025-07-11 13:18:29,0,8,0
82625,2025-07-11 13:13:29,0,8,0
82625,2025-07-11 13:08:29,0,8,0
82625,2025-07-11 13:03:29,0,8,0
82625,2025-07-11 12:58:29,0,8,0
82625,2025-07-11 12:53:29,0,8,0
82625,2025-07-11 12:48:29,0,8,0
82625,2025-07-11 12:43:29,0,8,0
82625,2025-07-11 12:38:29,0,8,0
82625,2025-07-11 12:33:29,0,8,0
82625,2025-07-11 12:28:29,0,8,0
82625,2025-07-11 12:23:29,0,8,0
82625,2025-07-11 12:18:29,0,8,0
82625,2025-07-11 12:13:29,0,8,0
82625,2025-07-11 12:08:29,0,8,0
82625,2025-07-11 12:03:29,0,8,0
82625,2025-07-11 11:58:29,0,8,0
82625,2025-07-11 11:53:29,0,8,0
82625,2025-07-11 11:48:29,0,8,0
82625,2025-07-11 11:43:29,0,8,0
82625,2025-07-11 11:38:29,0,8,0
82625,2025-07-11 11:33:29,0,8,0
82625,2025-07-11 11:28:29,0,8,0
82625,2025-07-11 11:23:29,0,8,0
82625,2025-07-11 11:18:29,0,8,0
82625,2025-07-11 11:13:29,0,8,0
82625,2025-07-11 11:08:29,0,8,0
82625,2025-07-11 11:03:29,0,8,0
82625,2025-07-11 10:58:29,0,8,0
82625,2025-07-11 10:53:29,0,8,0
82625,2025-07-11 10:48:29,0,8,0
82625,2025-07-11 10:43:29,0,8,0
82625,2025-07-11 10:38:29,0,8,0
82625,2025-07-11 10:33:29,0,8,0
82625,2025-07-11 10:28:29,0,8,0
82625,2025-07-11 10:23:29,0,8,0
82625,2025-07-11 10:18:29,0,8,0
82625,2025-07-11 10:13:29,0,8,0
82625,2025-07-11 10:08:29,0,8,0
82625,2025-07-11 10:03:29,0,8,0
82625,2025-07-11 09:58:29,0,8,0
82625,2025-07-11 09:53:29,0,8,0
82625,2025-07-11 09:48:29,0,8,0
82625,2025-07-11 09:43:29,0,8,0
82625,2025-07-11 09:38:29,0,8,0
82625,2025-07-11 09:33:29,0,8,0
82625,2025-07-11 09:28:29,0,8,0
82625,2025-07-11 09:23:29,0,8,0
82625,2025-07-11 09:18:29,0,8,0
82625,2025-07-11 09:13:29,0,8,0
82625,2025-07-11 09:08:29,0,8,0
82625,2025-07-11 09:03:29,0,8,0
82625,2025-07-11 08:58:29,0,8,0
82625,2025-07-11 08:53:29,0,8,0
82625,2025-07-11 08:48:29,0,8,0
82625,2025-07-11 08:43:29,0,8,0
82625,2025-07-11 08:38:29,0,8,0
82625,2025-07-11 08:33:29,0,8,0
82625,2025-07-11 08:28:29,0,8,0
82625,2025-07-11 08:23:29,0,8,0
82625,2025-07-11 08:18:29,0,8,0
82625,2025-07-11 08:13:29,0,8,0
82625,2025-07-11 08:08:29,0,8,0
82625,2025-07-11 08:03:29,0,8,0
82625,2025-07-11 07:58:29,0,8,0
82625,2025-07-11 07:53:29,0,8,0
82625,2025-07-11 07:48:29,0,8,0
82625,2025-07-11 07:43:29,0,8,0
82625,2025-07-11 07:38:29,0,8,0
82625,2025-07-11 07:33:29,0,8,0
82625,2025-07-11 07:28:29,0,8,0
82625,2025-07-11 07:23:29,0,8,0
82625,2025-07-11 07:18:29,0,8,0
82625,2025-07-11 07:13:29,0,8,0
82625,2025-07-11 07:08:29,0,8,0
82625,2025-07-11 07:03:29,0,8,0
82625,2025-07-11 06:58:30,0,8,0
82625,2025-07-11 06:53:29,0,8,0
82625,2025-07-11 06:48:29,0,8,0
82625,2025-07-11 06:43:30,0,8,0
82625,2025-07-11 06:38:29,0,8,0
82625,2025-07-11 06:33:29,0,8,0
82625,2025-07-11 06:28:32,0,8,0
82625,2025-07-11 06:23:29,0,8,0
82625,2025-07-11 06:18:29,0,8,0
82625,2025-07-11 06:13:30,0,8,0
82625,2025-07-11 06:08:30,0,8,0
82625,2025-07-11 06:03:29,0,8,0
82625,2025-07-11 05:58:29,0,8,0
82625,2025-07-11 05:53:29,0,8,0
82625,2025-07-11 05:48:29,0,8,0
82625,2025-07-11 05:43:29,0,8,0
82625,2025-07-11 05:38:29,0,8,0
82625,2025-07-11 05:33:29,0,8,0
82625,2025-07-11 05:28:29,0,8,0
82625,2025-07-11 05:23:29,0,8,0
82625,2025-07-11 05:18:29,0,8,0
82625,2025-07-11 05:13:29,0,8,0
82625,2025-07-11 05:08:29,0,8,0
82625,2025-07-11 05:03:29,0,8,0
82625,2025-07-11 04:58:29,0,8,0
82625,2025-07-11 04:53:29,0,8,0
82625,2025-07-11 04:48:29,0,8,0
82625,2025-07-11 04:43:29,0,8,0
82625,2025-07-11 04:38:29,0,8,0
82625,2025-07-11 04:33:29,0,8,0
82625,2025-07-11 04:28:29,0,8,0
82625,2025-07-11 04:23:29,0,8,0
82625,2025-07-11 04:18:29,0,8,0
82625,2025-07-11 04:13:29,0,8,0
82625,2025-07-11 04:08:29,0,8,0
82625,2025-07-11 04:03:29,0,8,0
82625,2025-07-11 03:58:29,0,8,0
82625,2025-07-11 03:53:29,0,8,0
82625,2025-07-11 03:48:29,0,8,0
82625,2025-07-11 03:43:29,0,8,0
82625,2025-07-11 03:38:29,0,8,0
82625,2025-07-11 03:33:29,0,8,0
82625,2025-07-11 03:28:29,0,8,0
82625,2025-07-11 03:23:29,0,8,0
82625,2025-07-11 03:18:29,0,8,0
82625,2025-07-11 03:13:29,0,8,0
82625,2025-07-11 03:08:29,0,8,0
82625,2025-07-11 03:03:29,0,8,0
82625,2025-07-11 02:58:29,0,8,0
82625,2025-07-11 02:53:29,0,8,0
82625,2025-07-11 02:48:29,0,8,0
82625,2025-07-11 02:43:29,0,8,0
82625,2025-07-11 02:38:29,0,8,0
82625,2025-07-11 02:33:29,0,8,0
82625,2025-07-11 02:28:29,0,8,0
82625,2025-07-11 02:23:29,0,8,0
82625,2025-07-11 02:18:29,0,8,0
82625,2025-07-11 02:13:29,0,8,0
82625,2025-07-11 02:08:29,0,8,0
82625,2025-07-11 02:03:29,0,8,0
82625,2025-07-11 01:58:29,0,8,0
82625,2025-07-11 01:53:29,0,8,0
82625,2025-07-11 01:48:29,0,8,0
82625,2025-07-11 01:43:29,0,8,0
82625,2025-07-11 01:38:29,0,8,0
82625,2025-07-11 01:33:29,0,8,0
82625,2025-07-11 01:28:29,0,8,0
82625,2025-07-11 01:23:29,0,8,0
82625,2025-07-11 01:18:29,0,8,0
82625,2025-07-11 01:13:29,0,8,0
82625,2025-07-11 01:08:29,0,8,0
82625,2025-07-11 01:03:29,0,8,0
82625,2025-07-11 00:58:29,0,8,0
82625,2025-07-11 00:53:29,0,8,0
82625,2025-07-11 00:48:29,0,8,0
82625,2025-07-11 00:43:29,0,8,0
82625,2025-07-11 00:38:29,0,8,0
82625,2025-07-11 00:33:29,0,8,0
82625,2025-07-11 00:28:29,0,8,0
82625,2025-07-11 00:23:29,0,8,0
82625,2025-07-11 00:18:29,0,8,0
82625,2025-07-11 00:13:29,0,8,0
82625,2025-07-11 00:08:29,0,8,0
82625,2025-07-11 00:03:29,0,8,0
82625,2025-07-10 23:58:29,0,8,0
82625,2025-07-10 23:53:29,0,8,0
82625,2025-07-10 23:48:29,0,8,0
82625,2025-07-10 23:43:29,0,8,0
82625,2025-07-10 23:38:29,0,8,0
82625,2025-07-10 23:33:29,0,8,0
82625,2025-07-10 23:28:29,0,8,0
82625,2025-07-10 23:23:29,0,8,0
82625,2025-07-10 23:18:29,0,8,0
82625,2025-07-10 23:13:29,0,8,0
82625,2025-07-10 23:08:29,0,8,0
82625,2025-07-10 23:03:30,0,8,0
82625,2025-07-10 22:58:29,0,8,0
82625,2025-07-10 22:53:30,0,8,0
82625,2025-07-10 22:48:29,0,8,0
82625,2025-07-10 22:43:29,0,8,0
82625,2025-07-10 22:38:29,0,8,0
82625,2025-07-10 22:33:29,0,8,0
82625,2025-07-10 22:28:29,0,8,0
82625,2025-07-10 22:23:29,0,8,0
82625,2025-07-10 22:18:29,0,8,0
82625,2025-07-10 22:13:29,0,8,0
82625,2025-07-10 22:08:29,0,8,0
82625,2025-07-10 22:03:30,0,8,0
82625,2025-07-10 21:58:29,0,8,0
82625,2025-07-10 21:53:30,0,8,0
82625,2025-07-10 21:48:29,0,8,0
82625,2025-07-10 21:43:30,0,8,0
82625,2025-07-10 21:38:29,0,8,0
82625,2025-07-10 21:33:29,0,8,0
82625,2025-07-10 21:28:29,0,8,0
82625,2025-07-10 21:23:29,0,8,0
82625,2025-07-10 21:18:29,0,8,0
82625,2025-07-10 21:13:29,0,8,0
82625,2025-07-10 21:08:29,0,8,0
82625,2025-07-10 21:03:29,0,8,0
82625,2025-07-10 20:58:30,0,8,0
82625,2025-07-10 20:53:29,0,8,0
82625,2025-07-10 20:48:29,0,8,0
82625,2025-07-10 20:43:29,0,8,0
82625,2025-07-10 20:38:29,0,8,0
82625,2025-07-10 20:33:29,0,8,0
82625,2025-07-10 20:28:29,0,8,0
82625,2025-07-10 20:23:30,0,8,0
82625,2025-07-10 20:18:29,0,8,0
82625,2025-07-10 20:13:29,0,8,0
82625,2025-07-10 20:08:29,0,8,0
82625,2025-07-10 20:03:29,0,8,0
82625,2025-07-10 19:58:29,0,8,0
82625,2025-07-10 19:53:29,0,8,0
82625,2025-07-10 19:48:29,0,8,0
82625,2025-07-10 19:43:29,0,8,0
82625,2025-07-10 19:38:29,0,8,0
82625,2025-07-10 19:33:30,0,8,0
82625,2025-07-10 19:28:29,0,8,0
82625,2025-07-10 19:23:29,0,8,0
82625,2025-07-10 19:18:29,0,8,0
82625,2025-07-10 19:13:29,0,8,0
82625,2025-07-10 19:08:29,0,8,0
82625,2025-07-10 19:03:30,0,8,0
82625,2025-07-10 18:58:29,0,8,0
82625,2025-07-10 18:53:29,0,8,0
82625,2025-07-10 18:48:29,0,8,0
82625,2025-07-10 18:43:29,0,8,0
82625,2025-07-10 18:38:29,0,8,0
82625,2025-07-10 18:33:29,0,8,0
82625,2025-07-10 18:28:29,0,8,0
82625,2025-07-10 18:23:31,0,8,0
82625,2025-07-10 18:18:45,0,8,0
82625,2025-07-10 18:13:29,0,8,0
82625,2025-07-10 18:08:29,0,8,0
82625,2025-07-10 18:03:29,0,8,0
82625,2025-07-10 18:00:02,0,8,0
82625,2025-07-10 17:53:30,0,8,0
82625,2025-07-10 17:48:29,0,8,0
82625,2025-07-10 17:43:30,0,8,0
82625,2025-07-10 17:38:29,0,8,0
82625,2025-07-10 17:33:29,0,8,0
82625,2025-07-10 17:28:29,0,8,0
82625,2025-07-10 17:23:29,0,8,0
82625,2025-07-10 17:18:29,0,8,0
82625,2025-07-10 17:13:29,0,8,0
82625,2025-07-10 17:08:29,0,8,0
82625,2025-07-10 17:03:30,0,8,0
82625,2025-07-10 16:58:29,0,8,0
82625,2025-07-10 16:53:29,0,8,0
82625,2025-07-10 16:48:29,0,8,0
82625,2025-07-10 16:43:29,0,8,0
82625,2025-07-10 16:38:29,0,8,0
82625,2025-07-10 16:33:29,0,8,0
82625,2025-07-10 16:28:29,0,8,0
82625,2025-07-10 16:23:29,0,8,0
82625,2025-07-10 16:18:29,0,8,0
82625,2025-07-10 16:13:29,0,8,0
82625,2025-07-10 16:08:29,0,8,0
82625,2025-07-10 16:03:30,0,8,0
82625,2025-07-10 15:58:29,0,8,0
82625,2025-07-10 15:53:29,0,8,0
82625,2025-07-10 15:48:29,0,8,0
82625,2025-07-10 15:43:31,0,8,0
82625,2025-07-10 15:38:29,0,8,0
82625,2025-07-10 15:33:29,0,8,0
82625,2025-07-10 15:28:29,0,8,0
82625,2025-07-10 15:23:29,0,8,0
82625,2025-07-10 15:18:30,0,8,0
82625,2025-07-10 15:13:29,0,8,0
82625,2025-07-10 15:08:31,0,8,0
82625,2025-07-10 15:03:41,0,8,0
82625,2025-07-10 14:58:29,0,8,0
82625,2025-07-10 14:53:29,0,8,0
82625,2025-07-10 14:48:29,0,8,0
82625,2025-07-10 14:43:29,0,8,0
82625,2025-07-10 14:38:29,0,8,0
82625,2025-07-10 14:33:29,0,8,0
82625,2025-07-10 14:28:29,0,8,0
82625,2025-07-10 14:23:29,0,8,0
82625,2025-07-10 14:18:29,0,8,0
82625,2025-07-10 14:13:29,0,8,0
82625,2025-07-10 14:08:35,0,8,0
82625,2025-07-10 14:03:29,0,8,0
82625,2025-07-10 13:58:30,0,8,0
82625,2025-07-10 13:53:29,0,8,0
82625,2025-07-10 13:48:29,0,8,0
82625,2025-07-10 13:43:29,0,8,0
82625,2025-07-10 13:38:29,0,8,0
82625,2025-07-10 13:33:29,0,8,0
82625,2025-07-10 13:28:29,0,8,0
82625,2025-07-10 13:23:29,0,8,0
82625,2025-07-10 13:18:29,0,8,0
82625,2025-07-10 13:13:29,0,8,0
82625,2025-07-10 13:08:29,0,8,0
82625,2025-07-10 13:03:29,0,8,0
82625,2025-07-10 12:58:29,0,8,0
82625,2025-07-10 12:53:29,0,8,0
82625,2025-07-10 12:48:29,0,8,0
82625,2025-07-10 12:43:29,0,8,0
82625,2025-07-10 12:38:29,0,8,0
82625,2025-07-10 12:33:29,0,8,0
82625,2025-07-10 12:28:29,0,8,0
82625,2025-07-10 12:23:29,0,8,0
82625,2025-07-10 12:18:29,0,8,0
82625,2025-07-10 12:13:29,0,8,0
82625,2025-07-10 12:08:29,0,8,0
82625,2025-07-10 12:03:29,0,8,0
82625,2025-07-10 11:58:29,0,8,0
82625,2025-07-10 11:53:29,0,8,0
82625,2025-07-10 11:48:29,0,8,0
82625,2025-07-10 11:43:29,0,8,0
82625,2025-07-10 11:38:29,0,8,0
82625,2025-07-10 11:33:29,0,8,0
82625,2025-07-10 11:28:30,0,8,0
82625,2025-07-10 11:23:29,0,8,0
82625,2025-07-10 11:18:30,0,8,0
82625,2025-07-10 11:13:29,0,8,0
82625,2025-07-10 11:08:29,0,8,0
82625,2025-07-10 11:03:29,0,8,0
82625,2025-07-10 10:58:29,0,8,0
82625,2025-07-10 10:53:29,0,8,0
82625,2025-07-10 10:48:29,0,8,0
82625,2025-07-10 10:43:29,0,8,0
82625,2025-07-10 10:38:29,0,8,0
82625,2025-07-10 10:33:29,0,8,0
82625,2025-07-10 10:28:29,0,8,0
82625,2025-07-10 10:23:30,0,8,0
82625,2025-07-10 10:18:29,0,8,0
82625,2025-07-10 10:13:29,0,8,0
82625,2025-07-10 10:08:29,0,8,0
82625,2025-07-10 10:03:29,0,8,0
82625,2025-07-10 09:58:29,0,8,0
82625,2025-07-10 09:53:29,0,8,0
82625,2025-07-10 09:48:29,0,8,0
82625,2025-07-10 09:43:29,0,8,0
82625,2025-07-10 09:38:29,0,8,0
82625,2025-07-10 09:33:29,0,8,0
82625,2025-07-10 09:28:29,0,8,0
82625,2025-07-10 09:23:29,0,8,0
82625,2025-07-10 09:18:29,0,8,0
82625,2025-07-10 09:13:29,0,8,0
82625,2025-07-10 09:08:29,0,8,0
82625,2025-07-10 09:03:29,0,8,0
82625,2025-07-10 08:58:29,0,8,0
82625,2025-07-10 08:53:29,0,8,0
82625,2025-07-10 08:48:29,0,8,0
82625,2025-07-10 08:43:29,0,8,0
82625,2025-07-10 08:38:29,0,8,0
82625,2025-07-10 08:33:29,0,8,0
82625,2025-07-10 08:28:29,0,8,0
82625,2025-07-10 08:23:29,0,8,0
82625,2025-07-10 08:18:29,0,8,0
82625,2025-07-10 08:13:29,0,8,0
82625,2025-07-10 08:08:29,0,8,0
82625,2025-07-10 08:03:29,0,8,0
82625,2025-07-10 07:58:29,0,8,0
82625,2025-07-10 07:53:29,0,8,0
82625,2025-07-10 07:48:29,0,8,0
82625,2025-07-10 07:43:29,0,8,0
82625,2025-07-10 07:38:29,0,8,0
82625,2025-07-10 07:33:29,0,8,0
82625,2025-07-10 07:28:29,0,8,0
82625,2025-07-10 07:23:29,0,8,0
82625,2025-07-10 07:18:29,0,8,0
82625,2025-07-10 07:13:29,0,8,0
82625,2025-07-10 07:08:29,0,8,0
82625,2025-07-10 07:03:29,0,8,0
82625,2025-07-10 06:58:29,0,8,0
82625,2025-07-10 06:53:29,0,8,0
82625,2025-07-10 06:48:29,0,8,0
82625,2025-07-10 06:43:29,0,8,0
82625,2025-07-10 06:38:29,0,8,0
82625,2025-07-10 06:33:29,0,8,0
82625,2025-07-10 06:28:29,0,8,0
82625,2025-07-10 06:23:29,0,8,0
82625,2025-07-10 06:18:29,0,8,0
82625,2025-07-10 06:13:29,0,8,0
82625,2025-07-10 06:08:29,0,8,0
82625,2025-07-10 06:03:29,0,8,0
82625,2025-07-10 05:58:29,0,8,0
82625,2025-07-10 05:53:29,0,8,0
82625,2025-07-10 05:48:29,0,8,0
82625,2025-07-10 05:43:29,0,8,0
82625,2025-07-10 05:38:29,0,8,0
82625,2025-07-10 05:33:29,0,8,0
82625,2025-07-10 05:28:29,0,8,0
82625,2025-07-10 05:23:29,0,8,0
82625,2025-07-10 05:18:29,0,8,0
82625,2025-07-10 05:13:29,0,8,0
82625,2025-07-10 05:08:29,0,8,0
82625,2025-07-10 05:03:29,0,8,0
82625,2025-07-10 04:58:29,0,8,0
82625,2025-07-10 04:53:29,0,8,0
82625,2025-07-10 04:48:29,0,8,0
82625,2025-07-10 04:43:29,0,8,0
82625,2025-07-10 04:38:29,0,8,0
82625,2025-07-10 04:33:29,0,8,0
82625,2025-07-10 04:28:29,0,8,0
82625,2025-07-10 04:23:29,0,8,0
82625,2025-07-10 04:18:29,0,8,0
82625,2025-07-10 04:13:29,0,8,0
82625,2025-07-10 04:08:29,0,8,0
82625,2025-07-10 04:03:29,0,8,0
82625,2025-07-10 03:58:29,0,8,0
82625,2025-07-10 03:53:30,0,8,0
82625,2025-07-10 03:48:29,0,8,0
82625,2025-07-10 03:43:29,0,8,0
82625,2025-07-10 03:38:29,0,8,0
82625,2025-07-10 03:33:29,0,8,0
82625,2025-07-10 03:28:29,0,8,0
82625,2025-07-10 03:23:29,0,8,0
82625,2025-07-10 03:18:29,0,8,0
82625,2025-07-10 03:13:29,0,8,0
82625,2025-07-10 03:08:29,0,8,0
82625,2025-07-10 03:03:29,0,8,0
82625,2025-07-10 02:58:29,0,8,0
82625,2025-07-10 02:53:29,0,8,0
82625,2025-07-10 02:48:29,0,8,0
82625,2025-07-10 02:43:29,0,8,0
82625,2025-07-10 02:38:29,0,8,0
82625,2025-07-10 02:33:29,0,8,0
82625,2025-07-10 02:28:29,0,8,0
82625,2025-07-10 02:23:29,0,8,0
82625,2025-07-10 02:18:30,0,8,0
82625,2025-07-10 02:13:30,0,8,0
82625,2025-07-10 02:08:30,0,8,0
82625,2025-07-10 02:03:30,0,8,0
82625,2025-07-10 01:58:30,0,8,0
82625,2025-07-10 01:53:30,0,8,0
82625,2025-07-10 01:48:31,0,8,0
82625,2025-07-10 01:43:30,0,8,0
82625,2025-07-10 01:38:30,0,8,0
82625,2025-07-10 01:33:30,0,8,0
82625,2025-07-10 01:28:30,0,8,0
82625,2025-07-10 01:23:30,0,8,0
82625,2025-07-10 01:18:29,0,8,0
82625,2025-07-10 01:13:29,0,8,0
82625,2025-07-10 01:08:29,0,8,0
82625,2025-07-10 01:03:31,0,8,0
82625,2025-07-10 00:58:29,0,8,0
82625,2025-07-10 00:53:29,0,8,0
82625,2025-07-10 00:48:30,0,8,0
82625,2025-07-10 00:43:29,0,8,0
82625,2025-07-10 00:38:29,0,8,0
82625,2025-07-10 00:33:30,0,8,0
82625,2025-07-10 00:28:30,0,8,0
82625,2025-07-10 00:23:29,0,8,0
82625,2025-07-10 00:18:29,0,8,0
82625,2025-07-10 00:13:30,0,8,0
82625,2025-07-10 00:08:29,0,8,0
82625,2025-07-10 00:03:29,0,8,0
82625,2025-07-09 23:58:29,0,8,0
82625,2025-07-09 23:53:30,0,8,0
82625,2025-07-09 23:48:30,0,8,0
82625,2025-07-09 23:43:30,0,8,0
82625,2025-07-09 23:38:30,0,8,0
82625,2025-07-09 23:33:29,0,8,0
82625,2025-07-09 23:28:30,0,8,0
82625,2025-07-09 23:23:29,0,8,0
82625,2025-07-09 23:18:30,0,8,0
82625,2025-07-09 23:13:30,0,8,0
82625,2025-07-09 23:08:30,0,8,0
82625,2025-07-09 23:03:29,0,8,0
82625,2025-07-09 22:58:30,0,8,0
82625,2025-07-09 22:53:29,0,8,0
82625,2025-07-09 22:48:29,0,8,0
82625,2025-07-09 22:43:29,0,8,0
82625,2025-07-09 22:38:29,0,8,0
82625,2025-07-09 22:33:29,0,8,0
82625,2025-07-09 22:28:30,0,8,0
82625,2025-07-09 22:23:29,0,8,0
82625,2025-07-09 22:18:29,0,8,0
82625,2025-07-09 22:13:29,0,8,0
82625,2025-07-09 22:08:29,0,8,0
82625,2025-07-09 22:03:29,0,8,0
82625,2025-07-09 21:58:29,0,8,0
82625,2025-07-09 21:53:29,0,8,0
82625,2025-07-09 21:48:29,0,8,0
82625,2025-07-09 21:43:30,0,8,0
82625,2025-07-09 21:38:29,0,8,0
82625,2025-07-09 21:33:29,0,8,0
82625,2025-07-09 21:28:30,0,8,0
82625,2025-07-09 21:23:30,0,8,0
82625,2025-07-09 21:18:29,0,8,0
82625,2025-07-09 21:13:29,0,8,0
82625,2025-07-09 21:08:29,0,8,0
82625,2025-07-09 21:03:29,0,8,0
82625,2025-07-09 20:59:03,0,8,0
82625,2025-07-09 20:56:49,0,8,0
